100
1563 10
2555 482
1763 165
2523 469
2470 470
476 34
578 527
2495 501
1010 112
1912 500
1400 348
490 184
938 413
693 211
2500 527
360 91
286 108
2266 222
2202 113
574 277
2551 407
404 185
1748 196
1758 2
1798 188
1996 333
2367 479
459 210
243 6
1127 175
1656 278
1248 501
2555 555
2555 496
2555 555
2555 472
124 3
1327 160
2555 0
2555 503
1071 474
669 452
580 264
2546 252
2329 40
1724 398
359 43
323 33
2545 548
766 181
665 228
426 286
2468 513
1402 266
2499 515
536 174
1346 384
2555 487
2524 531
2532 102
852 539
283 77
481 441
1700 284
712 27
2555 554
744 382
826 171
1015 496
298 12
2175 146
1237 457
148 81
270 137
1982 442
2534 514
1822 258
2471 378
828 15
1442 396
1588 297
0 0
2137 44
249 69
1264 60
2204 200
97 95
2036 100
2303 470
2115 453
2307 304
783 155
1275 71
193 149
2497 501
202 84
315 203
1032 261
2517 528
1183 515
