100
1 1
1 3
3 3
18 25
24 8
1 7
1 2
9 1
5 3
3 1
12 25
9 12
24 7
18 14
21 7
17 18
15 22
16 7
25 25
2 22
6 13
9 7
8 14
10 12
22 7
23 11
19 3
21 21
20 12
22 14
24 19
10 23
4 2
24 9
9 5
22 3
18 11
12 3
3 2
4 3
16 13
4 17
6 4
11 18
15 14
20 15
3 20
22 23
20 14
23 22
19 25
22 24
24 1
16 11
7 12
17 16
23 23
2 4
25 24
15 23
7 24
6 6
25 23
21 14
2 1
23 24
2 2
3 5
24 23
3 4
4 1
11 6
1 4
18 2
2 3
22 25
7 13
16 15
12 14
4 4
19 6
6 12
14 20
2 11
15 25
13 6
20 10
7 15
23 1
24 22
24 24
19 22
25 22
22 22
19 20
24 25
1 13
23 25
16 4
10 10
