100
2 281 87
2 71 384
2 280 103
1 17357
2 263 381
2 785 477
1 19311
2 241 171
2 225 94
1 40040
2 565 431
2 399 680
1 62292
2 398 1051
2 59 45
2 47 175
1 59987
1 33547
2 256 45
1 43221
2 80 251
1 40366
2 65 48
1 5644
1 52852
1 61149
1 39087
1 61881
2 488 275
1 33893
1 26965
1 5918
1 63216
2 248 459
1 26250
2 295 476
1 29373
2 183 509
1 56818
2 447 730
1 241
1 14807
2 251 145
2 76 485
1 24345
1 2581
2 588 247
2 190 233
2 367 303
1 4019
1 58547
1 25786
1 52923
1 16812
2 394 323
1 34401
1 27426
2 278 41
1 59405
2 271 428
2 539 327
2 461 178
2 491 627
1 62313
1 10791
1 58888
2 431 114
2 373 647
1 60814
2 109 79
2 356 581
1 3453
1 2024
1 3453
1 3545
2 687 244
1 26103
1 65174
1 65362
2 701 508
2 272 377
1 61570
2 156 251
2 157 425
2 726 203
2 26 139
1 58926
1 64849
1 38407
1 33546
2 271 201
2 123 137
1 41192
2 689 292
2 185 51
1 9110
2 128 473
2 722 267
1 58918
2 144 37
