10
49 1
0 1 0 0 0 0 0 0 1 1 0 0 1 0 0 0 0 0 1 0 0 1 1 1 1 1 0 1 1 1 0 1 0 1 0 0 1 0 0 0 0 1 0 1 1 1 0 1 1
1 1 1 0 1 0 0 0 1 1 0 0 1 1 0 0 1 0 0 0 0 0 0 1 1 1 0 0 1 0 1 1 1 0 1 0 0 1 1 1 0 1 1 0 0 1 0 0 1
0 0 0 1 0 1 0 1 0 0 1 0 1 0 1 1 1 0 1 1 1 1 1 0 0 1 0 0 0 0 1 0 0 1 1 0 1 1 0 1 1 1 1 0 1 0 1 0 0
1 1 1 0 1 1 0 0 0 0 0 0 0 1 1 1 0 1 0 0 1 1 1 0 0 0 1 1 1 0 1 0 1 1 0 0 0 1 1 0 1 1 1 1 0 0 1 1 1
48 19
15 57 22 5 19 30 27 20 54 63 42 34 0 33 47 45 13 6 28 0 25 53 41 45 2 37 2 1 22 51 20 37 44 42 43 0 9 6 20 63 5 62 33 5 31 16 50 45
22 14 45 48 4 22 29 6 59 31 7 17 18 27 55 63 5 34 63 14 40 19 13 45 18 47 50 49 63 37 30 22 51 11 6 55 33 35 61 28 2 4 46 20 31 37 19 37
7 18 51 47 38 1 28 56 48 14 41 47 51 8 5 39 19 11 30 53 46 28 17 48 32 63 5 0 36 24 37 43 43 24 26 17 25 54 9 9 5 50 57 56 58 62 31 14
10 62 3 56 26 20 41 58 20 46 58 56 6 31 36 49 56 62 2 17 53 11 27 58 62 20 50 56 18 18 6 28 16 9 21 42 30 62 36 50 44 31 42 50 62 14 36 54
50 951763430
586367560 916771521 412341234 377958755 641754747 593684847 952053686 154347308 426936294 680996360 686781567 501129711 756599974 918956752 424887606 119059002 149248058 631250518 494309496 344962014 173489863 109163748 264530557 862841715 239839382 366791420 944996032 873968570 255158579 432012494 925732001 741526139 348784014 338073234 119484893 543055115 484274435 624054933 249918778 463727083 305051292 489216699 864856794 614167620 408173451 842260755 633226622 457421509 126027626 680052472
354899877 199517490 689216220 519430434 962359205 481571957 786221855 559871590 355540526 941380434 891884085 833788881 335422926 793184453 724378469 354907819 888755923 761169258 878962752 138674700 224896341 736530398 180407753 642269489 350698018 488581204 137046597 536440994 498519068 163074224 216493466 753418945 262591714 458226040 272849379 777467273 839797997 611587588 889855217 747854878 205484375 434255655 234160112 440907301 227440108 511054936 348331474 668712385 272224193 227294225
359903439 949636889 516340977 440311192 244422732 419555349 828892397 281469329 508512698 327411464 344543553 277522518 633346763 159651621 635748558 458712496 489635248 128062909 970300084 379490465 428434141 728300813 366262474 562594253 169208113 146218936 973649189 417539587 714931321 798389737 197350166 974834760 748026625 266207498 415145952 892449357 238279201 796554703 726435041 646791899 676482521 623494948 824314417 309829283 335662924 112579329 668541780 725298172 140642238 291358217
657304991 469076379 919659031 923567466 584186986 641383498 969786402 210352529 611439440 337234077 908742266 361305960 312068836 309285244 180029812 279731142 201734601 318309014 976285845 480685996 865100913 652768365 104180943 689415330 515114003 339843867 701994659 183655782 617658394 395153251 927530354 274963384 764229630 499705738 751047204 348416615 141089236 373349960 111285498 305045030 610584037 920027764 218867344 475169227 229313008 298897157 654900370 883563964 517206171 631186214
45 334
234 379 467 512 175 102 473 769 505 152 307 186 991 90 431 606 776 679 314 316 771 458 68 580 465 290 219 886 531 856 198 767 212 665 254 387 770 727 133 250 881 443 439 849 533
872 432 286 526 746 604 274 182 674 854 647 965 50 511 471 908 709 213 96 351 469 485 96 173 621 349 31 39 788 881 574 635 290 862 138 14 441 413 196 90 244 845 30 295 333
503 180 17 716 276 371 162 764 469 335 360 818 367 401 581 225 977 193 515 814 334 531 230 747 727 322 991 550 353 263 883 858 444 903 552 722 249 714 461 718 25 823 514 394 199
72 619 153 266 111 967 600 643 174 324 347 497 292 897 852 558 758 685 1002 636 212 701 887 927 140 582 954 963 71 323 140 144 944 293 412 32 236 1014 675 410 313 0 909 607 899
48 0
0 0 0 0 0 0 0 0 0 0 0 0 0 0 0 0 0 0 0 0 0 0 0 0 0 0 0 0 0 0 0 0 0 0 0 0 0 0 0 0 0 0 0 0 0 0 0 0
0 0 0 0 0 0 0 0 0 0 0 0 0 0 0 0 0 0 0 0 0 0 0 0 0 0 0 0 0 0 0 0 0 0 0 0 0 0 0 0 0 0 0 0 0 0 0 0
0 0 0 0 0 0 0 0 0 0 0 0 0 0 0 0 0 0 0 0 0 0 0 0 0 0 0 0 0 0 0 0 0 0 0 0 0 0 0 0 0 0 0 0 0 0 0 0
0 0 0 0 0 0 0 0 0 0 0 0 0 0 0 0 0 0 0 0 0 0 0 0 0 0 0 0 0 0 0 0 0 0 0 0 0 0 0 0 0 0 0 0 0 0 0 0
47 0
0 0 1 0 1 1 0 0 0 1 1 1 1 0 0 1 1 1 0 0 0 0 1 0 0 0 0 1 1 0 1 1 1 1 0 0 0 0 0 0 0 1 0 1 0 0 1
1 0 1 1 0 1 0 1 0 0 1 1 0 1 0 1 0 1 1 0 0 0 0 0 0 0 0 1 0 1 0 1 1 1 0 1 1 0 0 1 1 1 0 1 1 0 0
1 0 0 0 0 0 0 0 0 0 1 1 0 0 0 1 1 1 1 0 0 0 1 1 1 0 1 0 1 0 0 1 0 0 1 0 0 1 0 0 0 1 0 0 1 0 0
0 1 1 1 0 1 0 1 0 0 1 0 0 1 1 1 1 1 0 1 0 1 1 0 1 1 0 0 0 0 0 1 0 1 0 0 1 0 1 1 0 0 0 0 1 1 1
47 60
37 15 60 47 1 49 26 62 33 42 46 10 40 5 28 42 39 22 45 9 39 62 16 48 4 2 13 49 44 26 46 17 41 42 0 42 27 27 40 61 5 23 7 46 28 35 24
4 57 5 13 32 3 29 16 8 32 30 57 12 56 39 29 33 18 30 12 45 57 52 42 62 11 49 44 40 20 4 44 13 9 57 46 13 23 62 21 55 28 14 3 20 54 32
54 8 62 2 53 55 54 32 54 2 17 34 42 38 39 22 51 48 15 33 61 38 32 18 29 60 33 32 17 23 1 7 31 63 9 20 55 63 52 45 1 6 15 43 44 54 1
31 39 17 1 36 55 33 55 21 29 24 53 46 47 54 53 14 54 62 34 45 62 23 26 63 29 41 43 9 32 44 40 7 61 41 43 53 10 34 10 40 58 63 22 41 54 12
50 970638889
674445130 519808410 112843671 959095368 405072304 613823218 223974919 486842701 555233308 929120819 489122966 162570043 779122462 484694718 272718274 135807835 950260393 375818543 154565200 671219634 344491215 183835098 275400153 146490956 487335195 336729777 358457075 107416400 886532285 830788461 478055292 213493768 350596870 143415317 172589136 308185528 309754889 296564055 695028229 764988198 778201228 736667549 827558241 209840043 221362266 652792870 245647878 724139013 928611413 852729433
395358647 825618982 589080885 223275154 872109938 976416081 112521285 783083368 636348835 551569924 613871828 114404127 665063693 516985052 710335799 737652829 725170580 920090689 586733238 420198808 685078886 364934465 709382711 165153480 127290862 483261331 717946350 272938741 207400344 299074116 678184528 155275345 124693098 819781768 831066854 896803036 448714202 843588140 332402757 985063037 395158063 846274585 651983518 612738110 363259636 362319317 350390938 640946570 282410005 489640530
613661732 520005245 407091349 323044442 237675079 434382212 706305774 855621430 259837307 466222472 154695545 490538189 521497817 731904998 310319956 352564670 281224388 659034158 748669164 513627145 296613549 696343582 359901730 848597067 309081691 275677720 210916383 211988984 469140645 945842743 254145868 982802377 118364341 213753572 305846819 256039421 548135784 564668947 664177205 360489445 930891419 371389104 751027634 104905589 103294102 961347591 909986614 284518490 272898102 311172132
698145635 469511651 907515714 610563719 318108718 769113759 438757794 981541456 533619097 807898439 579900553 340281320 443217169 250781248 454034892 301580342 406820669 902170676 766249289 970997874 262660120 349657061 342386978 566204108 354562650 898197435 180068052 817065619 182715924 352966155 128237750 433377913 374994160 588269818 596457987 245619232 357383576 935215781 227160688 443519028 395630573 359577595 683800348 738847742 510358843 137835239 940428085 469695867 592522269 359193727
47 694
368 374 977 747 586 130 966 614 163 767 129 148 562 393 706 41 850 473 347 701 694 448 571 565 441 182 457 761 913 152 432 256 528 386 1003 92 516 945 706 681 689 837 830 227 205 513 270
30 986 619 733 657 42 280 199 483 464 659 221 352 811 653 610 316 14 589 408 533 511 90 191 177 927 1021 404 108 511 676 140 472 270 874 106 314 131 306 799 595 965 1020 948 753 650 533
46 667 99 457 175 612 547 366 790 451 365 171 561 876 850 704 326 97 555 432 412 686 740 186 256 682 184 181 412 834 717 461 476 816 918 653 404 440 1022 171 893 362 342 432 215 167 111
541 265 666 976 679 327 693 865 585 353 26 767 765 861 459 201 312 252 94 968 658 536 965 829 407 302 149 839 519 316 952 36 583 593 1014 237 922 682 80 482 10 106 226 778 969 685 981
48 0
0 0 0 0 0 0 0 0 0 0 0 0 0 0 0 0 0 0 0 0 0 0 0 0 0 0 0 0 0 0 0 0 0 0 0 0 0 0 0 0 0 0 0 0 0 0 0 0
0 0 0 0 0 0 0 0 0 0 0 0 0 0 0 0 0 0 0 0 0 0 0 0 0 0 0 0 0 0 0 0 0 0 0 0 0 0 0 0 0 0 0 0 0 0 0 0
0 0 0 0 0 0 0 0 0 0 0 0 0 0 0 0 0 0 0 0 0 0 0 0 0 0 0 0 0 0 0 0 0 0 0 0 0 0 0 0 0 0 0 0 0 0 0 0
0 0 0 0 0 0 0 0 0 0 0 0 0 0 0 0 0 0 0 0 0 0 0 0 0 0 0 0 0 0 0 0 0 0 0 0 0 0 0 0 0 0 0 0 0 0 0 0
