100
24 35
55 36
3 2
4 3
1 3
92 2
45 83
56 33
21 2
64 82
65 17
4 2
36 80
2 2
81 89
15 16
4 5
49 68
28 2
79 100
100 58
12 52
68 7
12 100
55 27
7 90
25 86
4 1
5 5
27 9
2 1
18 53
3 5
4 4
100 49
22 100
1 5
25 71
68 2
84 15
1 4
82 17
67 89
72 26
2 5
100 27
61 70
15 31
2 89
8 32
55 2
88 77
1 1
50 37
41 2
100 40
11 2
34 23
53 49
100 14
72 79
1 2
51 15
8 66
17 46
53 74
74 27
20 33
9 40
56 72
98 100
11 2
2 62
99 52
53 91
2 3
92 83
5 2
79 46
5 4
37 56
51 60
56 100
63 88
100 96
5 3
51 2
3 3
58 8
89 10
58 20
25 76
67 10
68 41
3 4
34 60
2 4
65 52
3 1
5 1
