30
1
1
2
2 1
3
1 2 3
5
1 2 3 4 5
5
5 2 3 4 1
697
994 994 -981 -975 -971 980 -971 976 -969 -969 968 968 958 -963 -957 948 -955 932 926 -935 924 -931 -923 -917 922 -917 -909 -899 916 914 -899 -877 -871 -871 -867 -847 912 -829 912 -825 -819 -817 910 -811 -805 -803 -801 904 -791 -783 -745 -731 902 -725 -725 -715 900 896 -707 896 -705 -705 -693 -691 882 -687 -685 -683 -671 -663 882 -663 880 880 -651 -651 -637 876 -637 -623 -613 -605 -601 -577 -577 862 -571 -565 856 848 -559 -559 -555 -553 844 -551 840 828 -547 -539 -527 812 -525 806 802 -505 -503 -497 -497 -495 798 -493 -491 -483 -481 798 770 770 -481 770 762 758 -477 -469 -463 -457 756 -455 -451 -441 -439 -431 -429 752 -427 -413 -409 742 -403 726 -391 722 -389 -385 718 -379 -365 -363 -359 712 702 -355 -351 682 -347 682 674 672 -343 672 -325 664 -319 -319 -315 -309 -297 -287 -285 -279 662 658 -277 658 656 650 -275 644 -259 -259 -259 630 -255 -251 -245 -231 -231 -225 -221 -219 -215 628 616 -213 612 -209 -209 598 -207 -203 -193 594 -191 -165 594 574 -163 -137 -129 -129 -119 -119 -119 -113 -111 572 564 560 -101 -99 -93 -91 546 -91 546 -91 542 -67 534 -63 528 -57 -55 -55 -49 -39 -37 522 -35 -31 520 -29 -25 -21 -17 -15 -11 -11 514 510 500 -9 494 -5 15 17 490 23 490 484 33 476 33 47 464 49 59 63 77 462 462 77 460 458 77 77 81 444 444 95 442 97 99 105 105 107 111 113 117 434 424 420 119 133 416 408 394 380 376 135 143 143 376 374 147 368 175 342 338 338 336 185 187 195 195 336 197 197 334 201 326 203 316 312 312 308 308 300 211 286 219 219 237 239 247 249 251 253 259 265 273 284 277 262 258 283 285 287 289 297 248 242 303 305 319 327 335 351 357 385 385 238 232 220 397 399 401 210 403 407 210 210 409 204 411 200 415 425 425 200 429 198 429 198 196 192 190 186 433 435 441 451 463 473 473 182 483 182 495 176 170 154 507 507 150 148 509 529 533 148 130 128 124 112 539 96 551 555 70 561 70 565 577 581 581 585 599 70 609 58 56 611 44 613 44 621 625 625 36 627 28 26 2 627 637 647 651 0 685 689 689 689 0 693 693 693 0 -10 -14 -40 -42 -44 697 -56 705 707 715 -56 -64 715 719 -66 -66 721 729 729 731 741 741 763 763 -74 767 775 811 815 819 827 833 -78 845 845 -80 -82 847 847 847 851 867 -84 869 869 869 871 -86 873 -98 -98 -104 875 875 879 887 911 935 -118 935 -120 949 951 965 973 975 979 -128 -132 -138 -140 -150 -154 -154 -164 -172 -174 -188 -196 -198 -200 -204 -208 -214 -216 -224 -228 -238 -242 -242 -250 -260 -260 -280 -286 -294 -296 -298 -302 -304 -308 -324 -330 -336 -336 -340 -342 -342 -344 -352 -352 -360 -360 -364 -364 -366 -368 -370 -378 -384 -384 -384 -392 -392 -396 -402 -402 -406 -410 -410 -416 -420 -420 -420 -432 -436 -440 -442 -458 -462 -470 -478 -482 -494 -500 -502 -504 -514 -520 -524 -530 -532 -534 -546 -548 -550 -550 -552 -558 -560 -566 -572 -572 -594 -598 -600 -602 -616 -626 -632 -638 -640 -650 -652 -664 -666 -676 -676 -684 -694 -700 -704 -710 -714 -720 -728 -728 -732 -738 -750 -758 -758 -776 -778 -782 -792 -794 -798 -798 -808 -810 -812 -814 -814 -818 -826 -836 -846 -856 -858 -858 -858 -860 -866 -866 -886 -892 -896 -900 -902 -906 -910 -910 -910 -924 -926 -926 -934 -938 -940 -942 -944 -946 -952 -952 -966 -966 -968 -968 -976
794
-979 990 -975 -973 -971 -955 990 -953 -943 -937 -925 -921 986 -917 -913 -911 -909 984 -905 -903 -901 -897 -897 -889 -877 -875 980 968 -875 -871 -861 966 -861 -859 -855 948 942 -823 -821 -811 -805 -805 -797 -795 -793 -793 -793 938 -791 936 -781 -779 936 924 -775 -775 -767 924 920 -757 -755 914 -755 -751 -751 -749 906 -749 906 -745 -745 902 -741 902 -737 898 -735 -729 -727 894 882 868 -723 -709 862 858 858 -705 842 842 838 -693 -681 -679 838 -665 -651 -641 -629 -627 836 -627 828 -623 -623 824 -617 -585 -575 -571 -563 816 -561 -561 -559 -559 -549 808 -539 -539 -535 796 -533 -533 -527 792 -525 788 -525 -521 -517 788 -517 -511 -511 -493 756 -491 756 752 -485 -477 736 -465 -455 -453 716 -451 -441 -429 714 712 712 -427 -407 710 -399 -393 -393 -391 -385 -381 710 -379 702 700 698 -371 -371 -371 -359 -349 684 -341 672 -339 -337 -331 -319 652 636 -315 636 -315 -303 630 630 630 -301 -301 -297 -297 630 -297 -295 -291 -287 -281 624 -267 -267 624 -255 624 -247 616 -247 608 -245 -243 -241 -237 -237 -233 -231 -225 -221 -205 -201 604 -193 602 -185 602 600 -175 -167 -167 598 594 594 -163 -143 -143 588 584 -139 582 578 -133 -121 -117 -103 -95 -91 -89 -65 -65 -55 574 -49 572 -45 572 -39 572 -39 -35 -35 570 -31 -23 -19 560 -7 560 548 7 542 7 9 532 11 11 31 33 37 532 55 532 522 71 77 520 506 504 500 85 91 91 496 494 91 490 93 93 95 448 105 448 440 107 109 111 117 436 125 416 125 404 129 133 384 137 139 141 143 378 378 143 374 364 362 360 147 147 151 352 157 352 338 159 169 181 336 187 203 332 205 330 207 207 219 223 326 318 229 308 231 231 298 294 239 292 239 243 253 292 257 259 261 273 286 284 275 281 287 295 295 297 297 299 307 307 311 313 313 282 278 276 272 264 327 250 329 333 248 343 246 343 242 349 351 353 357 359 363 377 379 381 385 242 385 385 240 389 226 226 401 226 403 405 417 419 226 429 429 429 431 222 461 463 216 477 481 483 483 214 495 204 198 188 497 507 507 184 184 517 519 531 182 533 182 535 539 539 545 567 573 587 180 589 595 174 154 595 595 144 597 144 609 623 144 631 637 637 657 142 659 132 663 130 665 665 669 679 689 126 693 124 693 106 697 701 100 707 100 709 715 715 98 721 723 733 88 737 72 66 52 52 50 40 737 749 749 34 755 759 767 34 769 32 771 26 26 26 773 26 779 14 783 8 0 787 791 0 791 793 0 793 0 815 817 819 819 -10 819 819 819 821 821 823 827 -14 827 831 845 -38 859 861 -42 865 873 877 881 891 893 909 -44 -50 911 913 915 921 923 935 945 945 951 -50 -52 -54 953 -64 -66 -68 -80 959 961 -82 -84 -92 967 975 -98 -98 -106 -110 -110 -112 -122 -126 -140 -140 -144 -148 -154 -154 -154 -154 -162 -162 -168 -172 -182 -182 -204 -204 -208 -220 -220 -228 -232 -240 -248 -252 -254 -256 -256 -264 -266 -276 -280 -286 -286 -286 -294 -294 -294 -296 -300 -300 -300 -306 -310 -312 -314 -314 -320 -346 -346 -362 -362 -366 -368 -368 -370 -378 -380 -380 -384 -392 -392 -410 -410 -412 -424 -430 -430 -434 -434 -434 -436 -436 -438 -438 -442 -444 -444 -448 -462 -468 -480 -488 -494 -506 -512 -512 -518 -530 -530 -536 -536 -536 -546 -546 -548 -550 -554 -556 -560 -560 -578 -580 -590 -590 -596 -596 -598 -598 -610 -612 -616 -616 -618 -626 -630 -634 -636 -638 -640 -642 -644 -644 -644 -648 -652 -654 -664 -674 -674 -686 -698 -700 -702 -708 -714 -714 -716 -718 -722 -726 -728 -728 -740 -742 -744 -750 -752 -756 -762 -766 -766 -768 -770 -770 -770 -778 -778 -780 -782 -786 -786 -792 -792 -798 -806 -810 -812 -820 -828 -844 -858 -858 -858 -860 -872 -874 -880 -882 -882 -888 -888 -890 -896 -902 -910 -912 -924 -924 -936 -938 -956 -956 -968 -980 -980 -980 -982 -988 -990 -994 -996 -998
378
-999 968 -991 -983 -977 -975 -973 952 -945 -935 -931 -919 -915 -905 -903 -885 -861 -847 940 -847 -841 938 -825 -821 -811 -809 936 924 902 -791 -779 -771 -767 884 884 880 -757 -735 -735 -717 -717 -715 -715 878 876 -699 -689 -665 -655 -655 -651 -581 -577 -567 -559 -555 -549 -547 -539 858 840 -515 -513 -507 -505 832 804 -477 -473 -467 -457 -443 802 -441 796 -407 -403 -389 792 -385 780 774 -383 -377 -325 -303 770 770 754 -281 742 -257 724 -251 -249 -237 -233 -227 -217 -211 -203 -195 712 704 -179 -177 -147 -119 -99 -77 -57 -49 700 682 670 -49 -39 -35 646 -31 640 -27 624 -5 15 23 31 620 33 588 580 35 53 578 65 560 65 67 71 75 77 79 546 522 506 91 95 103 504 109 117 119 121 478 125 143 145 155 462 163 165 167 175 458 456 454 452 181 189 195 215 229 231 231 257 448 257 448 265 273 432 283 420 325 341 408 343 365 365 397 399 399 411 415 423 423 429 386 435 382 380 437 443 364 364 455 467 364 354 479 330 495 505 505 306 537 539 278 561 563 567 567 573 595 619 258 623 625 647 665 693 699 713 719 721 258 733 737 749 757 819 252 839 238 853 855 224 863 867 871 182 883 893 897 182 182 903 176 150 903 913 136 919 931 933 128 965 967 118 975 993 108 102 98 88 60 42 30 18 14 12 -2 -10 -22 -22 -44 -48 -52 -52 -60 -70 -82 -88 -88 -110 -112 -116 -124 -130 -130 -132 -156 -174 -184 -204 -206 -210 -232 -234 -242 -252 -254 -264 -316 -330 -332 -338 -342 -348 -352 -354 -360 -364 -370 -372 -376 -380 -408 -428 -452 -462 -462 -462 -482 -486 -496 -506 -510 -516 -524 -526 -528 -532 -542 -572 -592 -604 -606 -624 -636 -642 -662 -670 -686 -686 -706 -728 -728 -736 -776 -788 -792 -792 -798 -804 -840 -902 -904 -910 -918 -952 -962 -962 -968 -978 -990 -994 -998
800
984 -997 -985 980 -983 978 -971 968 966 958 -969 952 -969 950 -963 944 -957 -955 936 -949 936 -949 -941 926 -935 -931 -917 -913 -913 -907 -903 -891 -861 924 922 918 916 912 902 894 -849 -847 -845 884 -837 878 878 -833 -827 876 862 836 834 832 822 822 -817 -809 -805 -803 -797 -791 804 786 784 -785 -773 778 -773 -763 -749 -749 -745 776 -741 -737 770 -737 -737 -735 -735 -731 -725 770 -723 -707 768 768 -707 762 760 -693 -683 -669 -667 750 746 740 -661 -649 -639 -637 -635 -609 730 728 -603 -595 728 -593 -589 -589 -585 -581 -581 728 -577 -567 -561 -547 724 -541 -539 -539 -539 -527 -525 -523 716 -517 -517 -515 714 702 702 676 -513 -487 -475 -471 672 -469 660 -467 652 -467 -467 634 632 -461 -457 -455 624 -455 -453 -451 624 618 -441 618 614 604 -439 -427 -413 -413 -409 -399 600 -399 594 -397 -387 594 -383 586 582 -377 580 580 -365 -359 -343 -337 578 -329 -327 -325 -323 -323 -315 -313 -301 -293 576 -275 576 572 572 572 -275 572 564 -273 -269 -259 560 -249 -249 560 -233 -233 552 -231 550 -219 -215 -215 -203 -197 -191 -189 -171 -169 -169 -163 -161 -159 -157 546 -155 -153 546 -151 -147 540 -147 -143 -143 -133 -131 -109 -109 -105 518 -105 -99 -99 -99 -99 -75 508 -73 -67 -63 -59 -55 508 -51 -39 -35 -35 506 504 -33 500 -21 -7 496 -7 3 7 11 11 486 482 11 13 15 27 33 35 35 37 37 41 53 55 65 65 77 97 101 113 117 121 476 125 129 472 133 135 468 143 143 151 462 151 151 167 462 462 167 167 167 169 462 189 189 191 193 460 193 195 207 215 217 221 225 225 231 239 460 239 249 448 446 253 265 265 273 283 442 297 299 301 440 307 311 436 436 434 319 325 331 428 418 331 416 333 339 339 349 416 349 359 359 363 363 363 377 385 395 399 399 403 407 417 408 423 431 435 402 400 445 451 453 396 465 467 386 374 364 477 481 364 497 507 507 511 360 511 511 523 531 551 569 577 344 583 587 340 589 330 318 316 595 312 609 310 310 609 609 611 611 611 615 619 621 623 631 637 308 284 284 278 272 272 262 254 641 651 667 252 252 244 669 671 683 242 685 242 234 234 689 234 693 228 693 701 713 224 220 214 713 715 721 725 212 733 735 735 735 210 206 206 737 741 741 198 196 745 753 763 767 196 771 196 188 186 184 182 771 182 783 789 803 811 817 817 823 835 837 839 182 839 841 847 849 853 182 853 861 182 180 865 869 873 875 879 180 176 881 881 891 897 176 174 172 172 897 897 911 921 923 160 156 923 152 144 144 931 943 138 134 122 118 114 112 949 112 949 112 949 953 959 959 959 961 961 104 971 92 90 88 975 979 991 993 80 78 72 72 70 70 66 58 46 40 36 28 28 14 10 2 0 0 0 0 0 -2 -10 -22 -28 -32 -40 -40 -44 -54 -54 -66 -76 -78 -82 -84 -94 -110 -126 -134 -140 -146 -148 -154 -154 -162 -166 -168 -174 -182 -182 -184 -196 -196 -202 -202 -204 -206 -206 -208 -216 -220 -220 -232 -234 -242 -244 -254 -270 -286 -286 -288 -292 -294 -300 -306 -314 -322 -328 -336 -336 -340 -352 -360 -366 -368 -368 -374 -378 -392 -396 -396 -396 -396 -404 -404 -408 -416 -420 -422 -422 -424 -424 -426 -426 -432 -434 -436 -440 -440 -442 -444 -448 -448 -450 -460 -462 -464 -472 -474 -476 -480 -494 -494 -504 -506 -514 -516 -520 -520 -542 -542 -562 -564 -564 -572 -572 -572 -574 -584 -590 -590 -594 -600 -608 -616 -616 -616 -618 -622 -624 -626 -628 -654 -656 -664 -664 -676 -680 -682 -686 -700 -700 -702 -704 -704 -712 -722 -728 -728 -728 -730 -742 -742 -758 -768 -770 -778 -780 -780 -780 -782 -782 -784 -784 -786 -790 -792 -792 -812 -816 -818 -822 -834 -856 -858 -858 -866 -870 -870 -876 -880 -884 -886 -894 -902 -916 -916 -918 -918 -924 -924 -926 -926 -928 -936 -940 -948 -952 -952 -956 -962 -966 -966 -968 -976 -988 -988 -990 -992 -998
76
-891 962 792 -851 784 730 -789 -781 662 662 -765 -737 -713 644 -567 -525 -465 534 -451 526 454 -427 -399 -173 -15 454 -1 77 378 175 202 185 170 275 313 367 82 407 459 473 507 621 691 707 731 805 825 935 981 52 48 46 -10 -66 -162 -168 -192 -196 -218 -232 -262 -280 -288 -332 -358 -402 -438 -448 -490 -502 -516 -572 -590 -598 -832 -834
442
990 988 -999 -995 -993 -993 -991 976 970 958 -989 -973 946 -965 -963 -957 -957 -941 938 -939 -937 -937 -913 -907 -901 938 938 924 -901 -893 924 -891 -889 918 -869 912 910 -869 -869 -845 -827 -811 -793 -741 906 868 -715 -715 844 836 -711 -709 812 -693 -693 -687 -665 808 786 774 -665 -663 -663 -615 -603 -593 -589 770 762 -587 756 -585 -581 -565 -565 -561 -555 -555 -553 -541 706 704 -539 -505 694 -503 -493 -455 -451 672 -427 -399 670 -385 658 -373 -359 656 -339 -335 654 -333 -327 636 -325 -313 -297 -297 -273 616 -263 -253 614 -251 604 590 -219 -209 550 -207 -203 -187 -185 -181 -177 -167 -159 546 -157 -145 -137 544 -135 -105 -77 -71 -67 -65 -41 540 -39 532 528 -37 526 -33 -31 -23 -21 -13 524 11 15 19 520 506 27 37 41 43 494 77 488 89 101 105 127 486 129 131 472 468 458 133 133 139 450 139 171 171 428 175 428 189 203 219 410 237 251 396 255 265 271 273 273 273 293 392 297 376 299 301 315 315 351 373 374 377 377 379 385 387 389 397 407 374 368 409 411 425 433 439 449 451 481 507 535 342 537 553 338 338 575 322 312 577 577 581 583 585 308 306 603 292 264 619 248 242 228 224 623 637 645 220 661 663 208 671 681 204 186 693 693 701 719 721 178 170 737 749 154 763 154 767 154 769 789 154 144 142 130 793 793 795 803 803 805 815 817 819 821 120 823 120 825 86 86 78 74 72 825 62 839 841 861 861 861 873 875 56 875 42 897 935 935 949 12 949 955 955 8 975 979 0 0 0 0 0 -52 -56 -60 -70 -70 -72 -94 -96 -98 -110 -110 -114 -116 -126 -126 -136 -158 -160 -176 -178 -182 -188 -196 -200 -206 -208 -208 -222 -224 -228 -276 -278 -296 -302 -316 -318 -324 -334 -346 -350 -350 -358 -364 -368 -370 -378 -378 -378 -386 -404 -416 -416 -418 -420 -432 -448 -462 -480 -482 -490 -502 -514 -516 -520 -546 -546 -546 -550 -564 -570 -570 -572 -574 -580 -600 -602 -624 -626 -626 -634 -650 -658 -658 -662 -686 -712 -716 -720 -726 -730 -732 -756 -756 -770 -780 -790 -798 -802 -824 -836 -882 -894 -906 -914 -914 -932 -950 -952 -966 -968 -978 -978 -990 -990
697
-997 -995 994 -981 -977 -975 -971 988 -969 -931 -929 986 968 -903 -903 956 -897 -895 -887 -883 948 -879 -871 -871 -865 -863 946 -863 -861 -861 944 -853 934 924 -853 914 914 -847 -845 910 -829 898 -819 890 -807 -807 888 880 -803 -797 880 874 868 -793 860 842 -791 -783 840 -771 838 -767 -765 832 826 -763 826 -759 814 -759 -753 -733 812 -733 -729 -727 -727 -723 804 -715 802 -715 -707 798 -693 -671 -669 -669 -665 792 -663 -663 -663 -663 790 -653 -643 -635 -615 778 774 770 752 -611 -587 -579 746 -569 -569 -561 740 -555 -555 -553 -539 740 -537 -523 728 -517 -513 -509 -505 -497 -497 -493 -483 728 -479 -479 -475 -475 -467 722 722 -439 -431 -429 -425 706 -413 -407 704 702 690 678 676 -407 674 -393 -385 -385 672 670 -385 664 -383 -377 -371 -367 -355 -353 -353 -351 -347 658 -345 656 -327 652 -325 -323 650 616 -319 -315 616 604 602 602 -315 596 594 -313 572 572 566 -311 562 -295 -287 -285 -285 -275 -273 -273 -271 -261 -259 -259 -253 -249 550 -239 542 538 530 -233 -231 -231 -231 526 -217 520 -203 518 -189 518 -187 -183 516 -177 510 508 506 -173 -171 -145 506 504 504 -143 -143 494 492 482 -133 -129 478 474 -129 -125 -113 -111 -99 -93 -91 -81 472 -81 -77 -75 -63 -53 -45 -39 468 462 -39 -39 -13 7 9 13 21 23 35 43 452 43 450 49 49 51 55 67 71 448 73 77 77 81 91 446 93 97 101 105 115 119 121 125 428 151 422 151 171 173 181 187 420 189 195 410 400 392 197 207 211 211 392 221 221 376 376 223 225 364 229 231 231 342 235 241 340 241 336 332 245 326 247 253 322 253 312 255 308 261 269 306 279 291 286 309 286 315 323 266 258 323 329 341 343 256 347 357 379 381 385 397 401 403 403 407 421 427 244 427 429 242 429 433 433 238 433 437 441 234 220 208 443 208 196 451 455 459 467 469 186 182 178 469 475 483 483 505 511 513 539 539 557 559 561 565 168 168 567 166 156 575 156 585 593 154 150 593 148 144 136 130 595 597 597 609 613 617 120 633 637 639 647 661 671 118 114 112 679 110 679 679 110 681 683 687 106 98 98 693 693 695 98 76 699 72 699 713 715 721 64 727 62 731 733 62 56 735 739 741 745 52 749 749 52 28 22 20 759 14 759 763 8 763 765 767 8 6 4 0 0 0 0 0 0 767 767 785 791 801 -2 803 805 -8 -22 819 -24 825 833 -40 839 845 -44 847 847 847 -60 847 865 -64 865 871 909 -84 913 913 915 -84 919 -108 923 -110 929 933 933 -112 939 -114 949 963 965 -142 967 969 973 -144 -150 -156 981 983 987 989 993 995 995 -156 -164 -170 -174 -182 -188 -188 -208 -220 -240 -244 -252 -254 -262 -264 -268 -274 -280 -284 -286 -294 -318 -322 -330 -336 -338 -348 -350 -350 -356 -358 -370 -374 -384 -422 -422 -428 -432 -434 -434 -436 -436 -438 -440 -440 -458 -476 -476 -478 -482 -494 -494 -504 -504 -504 -506 -508 -512 -524 -526 -526 -528 -530 -532 -536 -538 -562 -564 -566 -570 -574 -580 -582 -592 -596 -596 -612 -614 -614 -616 -616 -618 -620 -620 -630 -632 -636 -642 -646 -648 -652 -656 -658 -658 -660 -664 -672 -672 -672 -690 -694 -714 -716 -730 -742 -748 -750 -768 -770 -770 -774 -778 -790 -794 -798 -806 -808 -812 -814 -822 -826 -830 -850 -858 -858 -878 -888 -892 -896 -900 -906 -910 -910 -910 -912 -922 -922 -926 -928 -950 -952 -976 -986 -986
804
-999 -993 -987 -983 -979 998 -975 -975 -973 994 -953 -951 -949 -947 -943 -935 -925 -923 -919 994 -919 -909 -901 986 970 970 966 -897 962 -897 952 -891 950 -885 938 -885 -877 924 916 -869 916 916 906 906 -855 -847 902 -845 -825 -819 898 -819 -815 -813 -813 -805 -803 -799 -797 892 -793 888 -791 -781 884 -779 878 -777 876 -773 -763 -763 872 870 -759 -757 870 862 -753 -749 -747 858 -745 854 -741 -737 -737 -735 -731 -727 -727 -721 -715 854 -715 -713 836 -711 -709 -709 -699 832 824 -693 -689 -689 822 818 816 -689 -689 -687 -683 -679 -677 812 -671 -671 802 -667 798 798 796 786 -667 -643 784 -637 -637 784 -637 -637 782 774 -635 -627 -615 -611 -609 -595 770 -595 766 -585 760 758 754 -573 -559 -559 -547 -531 744 -517 -517 -515 -511 744 -505 738 -495 -493 738 -455 -455 -439 738 -439 -435 734 -431 734 -429 -423 728 728 728 -411 -407 728 -403 -403 728 -401 706 -401 704 -395 -389 700 -385 700 -375 694 -375 -373 -369 692 -359 -351 -351 -341 -337 -335 -329 -327 -309 -301 -297 -297 -295 -289 686 -285 676 -281 -275 -273 674 670 668 -253 658 -253 -247 656 -241 -237 650 -235 -235 648 -227 644 644 -223 -221 -211 -209 638 626 -195 -189 -175 -169 624 624 622 -163 616 -155 -155 616 602 -143 -143 -137 -115 -99 -99 -95 -91 -89 594 -85 -75 -73 -63 -55 592 -49 592 572 -39 -37 572 570 -33 -23 568 -21 -3 564 -1 564 -1 562 560 558 -1 546 13 13 542 19 27 31 49 532 69 77 83 528 85 91 91 97 101 105 498 119 125 127 498 129 131 137 139 143 145 149 151 165 494 165 169 175 195 201 490 203 209 486 484 211 211 480 217 221 225 476 231 239 239 239 472 464 239 245 253 464 259 462 259 462 273 462 273 279 287 287 291 291 307 311 462 313 317 319 321 325 331 341 343 351 359 365 369 373 375 462 377 448 385 385 448 389 440 391 438 407 411 413 429 435 432 441 441 445 447 432 428 451 451 457 418 459 467 471 416 414 475 386 483 485 495 495 497 499 507 517 382 380 521 525 368 360 356 525 527 336 318 531 531 312 308 292 286 539 268 266 539 559 567 571 264 262 260 571 577 581 585 593 595 252 595 605 609 611 611 611 252 613 248 621 244 242 238 621 623 623 623 234 627 234 627 627 234 639 234 643 645 647 649 649 651 651 226 653 675 679 224 685 689 220 689 689 697 214 705 705 206 707 709 711 715 725 200 735 735 198 737 741 196 196 749 753 196 753 759 194 771 777 777 787 789 178 799 803 811 813 176 174 815 815 158 154 819 827 827 833 841 845 847 847 154 851 851 859 154 861 861 863 867 154 875 154 885 887 891 154 895 154 895 907 909 913 915 154 917 148 921 923 136 931 130 937 130 118 949 957 957 961 112 963 110 110 971 979 102 979 98 98 92 88 985 987 84 84 76 66 56 46 42 42 42 40 28 24 14 0 0 0 0 -2 -6 -26 -26 -26 -34 -34 -42 -42 -42 -44 -52 -58 -92 -94 -98 -100 -108 -110 -120 -126 -126 -134 -142 -144 -146 -150 -154 -154 -154 -154 -156 -156 -158 -174 -176 -182 -196 -228 -252 -252 -260 -264 -266 -266 -278 -278 -282 -286 -290 -296 -304 -310 -312 -316 -320 -326 -330 -334 -340 -342 -346 -348 -352 -362 -364 -374 -378 -382 -386 -388 -390 -392 -396 -404 -406 -406 -412 -414 -418 -426 -428 -432 -438 -442 -450 -462 -464 -468 -468 -472 -476 -486 -490 -492 -518 -520 -526 -526 -532 -532 -534 -546 -546 -546 -546 -548 -550 -560 -566 -572 -578 -580 -596 -596 -598 -614 -616 -620 -622 -640 -660 -664 -670 -672 -676 -686 -696 -698 -698 -702 -708 -726 -728 -728 -742 -750 -752 -754 -754 -764 -770 -770 -780 -784 -788 -792 -794 -806 -806 -818 -820 -822 -822 -824 -830 -852 -862 -864 -868 -868 -868 -872 -878 -896 -902 -906 -910 -910 -914 -922 -924 -924 -924 -924 -926 -936 -936 -938 -940 -956 -958 -962 -968 -988 -994 -994 -994 -994 -1000
299
994 -969 988 986 -957 -931 966 -889 -889 -883 -881 -877 -877 960 -873 914 -861 912 -847 -845 -841 -835 900 -805 -803 -793 -793 886 864 -785 -765 -765 -737 -713 -713 -701 -661 -655 -621 840 -619 -615 -599 832 -595 -567 -553 828 -541 -497 -467 -455 -429 -419 -415 -387 794 -377 792 -375 -371 -365 -337 -333 -331 -321 -285 780 -285 762 -271 -263 758 -259 -257 732 728 -249 -235 -231 -231 -189 726 -189 -181 -175 698 -153 -149 696 684 -127 672 -119 -115 652 -115 -113 644 -93 -91 608 -91 602 -77 -49 -45 594 -35 -5 562 -3 11 540 538 518 506 41 43 506 57 111 121 474 123 161 177 191 203 207 217 217 247 259 269 273 468 464 442 297 303 319 321 333 343 349 420 418 353 410 397 406 427 384 427 429 384 455 455 467 378 370 493 505 364 525 364 533 348 336 539 541 583 589 611 330 316 619 627 647 651 681 717 719 308 725 739 757 767 282 777 274 779 797 847 264 262 252 853 873 242 933 947 969 971 979 232 208 182 999 999 174 170 138 132 126 110 108 98 98 70 44 44 22 4 0 0 0 -2 -22 -58 -66 -74 -94 -116 -148 -158 -182 -210 -214 -222 -226 -238 -248 -252 -256 -286 -310 -320 -336 -342 -370 -388 -402 -402 -416 -440 -440 -458 -460 -460 -490 -504 -514 -528 -560 -572 -588 -596 -600 -616 -638 -642 -654 -660 -676 -684 -702 -706 -708 -720 -726 -742 -746 -766 -786 -812 -832 -840 -846 -864 -910 -912 -916 -948 -966 -982 -986 -992
531
-991 -989 998 -987 -983 -973 996 982 980 -971 978 -965 -959 974 -957 -951 -947 966 -941 966 966 962 -931 -931 -909 -903 -895 -893 -889 -885 -883 944 -883 936 -869 912 -845 896 894 -845 -837 -833 -829 886 882 -817 880 -803 872 -791 -791 -777 -769 -765 -759 -753 870 -743 -729 864 -717 864 854 -711 -707 850 -695 -689 -683 840 826 -665 -661 -659 812 798 -659 766 -657 760 -653 -637 756 -631 -627 -621 -611 748 -609 -605 -605 -601 -597 -589 -573 -567 -541 -539 -539 740 730 -539 -535 -507 -483 728 -475 -469 714 -455 -453 710 704 -451 -447 -433 -433 -431 -421 -417 -417 686 -405 682 -403 680 -399 678 -391 672 -387 670 668 -385 660 -381 -381 636 -377 -367 -363 -353 -331 626 618 -325 -303 616 -299 -297 -291 584 -281 -277 578 578 572 570 -245 -243 -239 -231 -223 -221 -209 570 -205 -201 -185 -183 -175 -165 -163 -159 -157 568 -147 564 -139 562 -125 548 -117 544 542 -103 -101 528 -95 524 -95 -79 -71 -71 -61 -49 520 -41 -37 520 518 -33 -27 502 -25 490 -21 482 474 -17 474 -17 -9 -7 -7 7 13 15 446 17 23 446 31 35 440 35 39 45 49 49 426 59 418 406 67 91 404 93 103 388 105 107 113 388 117 119 121 123 131 141 143 143 161 173 173 179 378 195 358 197 203 231 257 356 263 271 273 275 277 287 297 338 301 303 338 305 323 325 336 330 369 381 399 322 308 407 308 413 308 296 419 419 296 425 439 292 445 280 451 451 260 451 453 246 469 469 469 483 246 495 242 501 242 511 517 232 212 529 539 206 180 178 539 178 549 549 553 559 561 561 565 567 573 585 585 595 607 623 633 641 657 683 689 719 727 733 735 741 759 168 779 783 166 164 791 807 817 819 823 861 865 869 869 162 903 907 138 907 913 913 917 923 132 132 941 130 953 957 126 122 965 971 981 985 993 995 104 98 98 94 88 88 86 80 78 76 68 66 66 60 58 52 36 36 22 16 0 0 0 -14 -20 -22 -26 -28 -52 -54 -56 -58 -70 -70 -72 -76 -118 -126 -126 -140 -140 -142 -154 -154 -168 -172 -174 -182 -188 -196 -196 -206 -208 -220 -220 -222 -226 -236 -262 -286 -300 -308 -308 -322 -322 -336 -342 -346 -366 -396 -396 -404 -444 -446 -450 -462 -462 -466 -468 -468 -486 -486 -490 -498 -498 -506 -520 -532 -546 -548 -588 -594 -594 -596 -596 -604 -608 -612 -616 -616 -616 -622 -622 -626 -626 -656 -656 -656 -664 -672 -680 -682 -682 -714 -718 -744 -750 -750 -756 -770 -788 -800 -806 -814 -816 -850 -858 -858 -864 -868 -868 -870 -882 -884 -910 -924 -928 -932 -942 -946 -950 -952 -980 -986 -988
1000
-295 -303 -181 -373 3 955 107 217 -418 89 37 186 29 -19 -459 -780 -990 -971 673 821 820 403 317 -844 104 187 403 910 897 -684 -440 259 555 -773 -28 -509 559 507 546 -394 602 889 -602 -945 717 -503 -931 56 5 -913 965 927 980 926 -255 960 -385 539 546 -187 -504 -138 -673 443 955 913 335 -902 -814 -182 564 -335 676 813 394 945 -234 -181 -445 11 -463 693 -346 -778 -383 -724 747 227 -554 897 -495 -139 623 98 -217 -845 153 461 298 -689 487 -466 698 -159 -569 439 786 80 -751 -366 259 528 955 704 -313 71 468 -9 -341 277 315 966 999 -138 -449 -869 636 951 -266 -417 -127 -429 385 -406 -395 -75 -802 -929 -377 -290 882 -554 -529 233 -979 830 330 -737 845 309 670 -415 341 339 479 -550 -139 -47 -357 627 351 320 39 -291 182 -956 882 455 -308 781 -151 -349 33 -506 149 -325 315 -895 273 943 143 -357 -968 -923 163 526 446 -505 -497 59 -580 -89 -161 -39 777 671 832 -939 -185 263 -473 -321 514 -351 -276 294 231 699 -429 899 29 -678 -402 -958 -88 938 -80 285 -553 203 925 -790 471 -684 271 420 -559 -15 -582 -81 22 600 -903 455 -285 914 -382 -692 319 -986 363 -23 795 253 -257 -467 211 -908 -559 845 -478 687 -515 387 134 931 203 -7 303 572 737 669 945 -547 379 911 -117 882 704 454 -269 -488 756 -567 -125 -59 715 265 147 429 243 574 -197 -523 -462 -987 937 -305 347 394 462 373 517 -673 640 532 -720 32 185 -821 -749 -727 106 308 -572 721 -34 -803 -613 537 836 -489 -658 168 331 -368 871 -602 399 992 729 -325 -173 -765 -793 -901 -728 -109 -705 -40 -825 972 -46 884 76 471 -814 -753 -169 837 -499 381 178 -363 509 -847 -855 359 65 149 -481 -468 89 417 814 -358 -357 5 91 -924 -738 765 -15 -881 -634 -303 -769 -105 225 -245 -109 -437 -165 625 704 964 539 659 -357 -373 889 173 825 -963 -627 -529 -700 537 851 6 273 -637 -840 -576 -343 -992 9 145 551 -447 870 286 88 -850 440 661 -729 -279 556 588 870 -110 -723 429 -759 -616 361 815 60 861 -522 -29 455 -91 -917 -781 -469 -89 406 -231 -569 289 -84 -847 -199 912 64 748 389 781 -224 -525 -504 287 -605 559 722 -775 -879 991 689 721 -504 -362 988 99 949 202 -931 -920 -284 -213 616 581 847 495 363 -418 608 49 -832 157 763 -203 -581 -689 -632 -231 -91 376 -309 -352 672 253 -301 418 885 85 321 812 501 -79 366 -249 -175 65 737 -849 -453 871 -468 868 919 952 425 351 -935 -301 -595 372 -155 -21 913 50 597 548 825 299 465 -501 249 -583 734 -983 -224 19 -218 476 -364 392 211 580 717 557 942 255 972 -88 -420 -763 -438 -721 351 -289 661 -741 904 -949 -954 -103 858 155 -251 -245 429 -149 -752 657 -781 -583 -224 -202 -771 525 442 978 -13 681 430 198 -623 937 -897 -910 -155 708 -383 -800 169 981 -910 7 -896 -544 633 -812 533 462 482 22 -231 251 415 -450 631 -631 234 -23 622 19 -175 -160 -638 868 -112 119 -203 671 520 490 273 -857 -842 -499 721 -77 273 993 181 910 -922 -421 -728 -627 -451 -279 -739 607 -839 -444 -910 56 -740 -715 923 -344 -825 -91 -690 728 -429 -104 393 -270 -788 -585 -507 -44 -663 905 -589 801 -681 473 430 -247 -957 468 676 -726 99 543 -179 314 96 283 -285 -871 15 759 545 510 437 123 -689 171 -335 -580 -403 -154 741 782 -416 857 -307 346 325 -109 -929 -325 -618 -243 -377 -231 370 -197 -598 -668 735 553 -506 -616 -90 119 -235 -853 -248 -313 65 136 -305 -476 -350 459 888 347 651 -737 -775 211 567 809 -411 -634 -178 92 -702 741 449 -703 -608 -438 -199 180 -978 -957 -308 -883 -993 -357 -845 -429 938 -367 679 912 755 233 -589 983 -537 523 975 -775 -754 -855 -676 295 651 -327 624 -514 -572 -906 150 504 24 946 552 834 -256 252 374 882 368 -920 -828 -696 -274 -294 898 -664 616 932 966 -728 86 912 -640 -636 -428 -364 470 -922 570 326 -206 -514 188 96 -412 -472 702 -156 -682 188 -462 560 -350 426 -2 -818 774 0 436 280 712 302 -26 -352 224 -290 -24 -630 -746 -418 692 -294 252 238 178 214 -858 -196 -672 846 968 0 972 312 700 -804 -858 -284 -690 216 -660 -210 504 -280 -822 -138 276 -438 -104 442 240 352 -252 460 -246 -180 66 -574 60 -922 760 -934 -86 -922 -82 -82 374 -84 158 242 216 530 -628 -386 -876 974 630 -528 -682 402 -242 752 -74 -704 98 462 344 252 800 920 -70 -994 -628 -220 852 -768 -282 -890 634 14 -266 848 428 580 -288 308 650 -518 -700 434 -872 -146 -950 500 -132 -254 -810 316 -376 580 630 -300 -688 242 46 -224 38 -716 12 84 642 -766 -992 -730 -568 1000 542 422 190 -744 796 -594 442 -938 616 -512 724 -72 -522 536 224 -804 252 32 704 -892 -728 806 -28 112 592 346 -256 210 -610 -374 872 918 102 -616 668 84 -546 -836 584 456 -810 -380 -910 420 -540 14 -628 -286 -40 -504 -224 686 890 -902 -294 -448 -672 198
1000
740 -235 911 -686 -774 -153 -977 -297 -575 -689 436 -77 -13 -853 -112 -580 -391 971 -143 -359 -242 -363 659 602 -243 -91 728 565 -241 -168 -842 520 -518 -483 -616 523 33 -749 335 536 945 376 791 -624 -885 -224 -876 886 -736 779 -247 -555 -640 -187 0 -465 -508 -294 -937 -649 539 -783 195 -701 -440 889 84 -329 798 845 -191 -935 -605 384 564 610 -653 637 230 -582 0 182 889 647 143 33 832 -49 -585 -349 946 -326 190 -381 -82 -742 -313 567 -48 -273 -487 -735 891 236 -912 728 649 -7 86 -77 672 -741 134 -867 363 199 -285 -215 -662 -692 -317 330 189 -906 771 481 721 -539 -911 -305 177 -319 -373 -237 441 -33 -591 182 -154 -165 391 655 -364 -193 639 745 -847 892 -449 520 -273 107 -515 245 -12 -39 864 626 -543 513 -917 -123 497 -363 497 -990 779 133 322 -241 -588 -574 -651 464 50 -410 747 -685 -175 -397 -762 675 985 -289 -378 297 749 -949 315 811 928 91 746 147 -508 757 -542 -899 154 -785 123 -389 377 -11 -669 70 -791 89 -265 -187 833 902 791 927 623 -739 -695 429 -827 663 -175 -781 867 -182 795 267 487 556 -805 -731 -484 -39 647 -21 -755 101 299 -878 -512 825 983 540 -36 -602 -689 59 450 -532 -583 12 377 898 768 -385 -315 854 -63 -143 -686 666 672 -385 481 -117 712 309 723 -528 -481 811 -503 889 373 85 489 342 -409 -306 563 -9 -825 -491 -483 -604 -168 568 633 -691 -679 189 -756 644 -459 217 341 -156 -689 517 -427 27 -338 -329 65 910 -471 431 209 302 -623 67 702 -808 414 173 224 -388 -959 512 847 -837 -329 595 975 -693 707 -196 637 705 798 -3 -311 -205 637 174 740 601 780 121 -52 627 -881 -245 273 -780 988 67 497 -439 -293 59 839 8 -739 525 -180 969 0 273 903 -976 204 677 119 635 -58 107 -644 -845 -786 268 -741 -134 243 -130 87 413 329 -681 504 819 39 -869 455 -847 -451 322 -819 -990 -623 227 132 -41 -581 349 960 -561 -655 570 -429 289 983 -343 767 203 389 -714 -566 -885 798 -758 616 -208 969 -741 -704 79 661 418 593 -343 -645 273 221 473 561 668 -201 638 847 -803 -733 737 -462 -944 624 23 -896 323 -663 -99 260 -560 -964 -509 442 -506 553 294 347 773 -231 -371 630 728 9 -168 -672 346 616 21 0 -796 671 154 254 -775 58 308 -572 919 -939 479 -546 -457 462 -770 -441 454 575 273 867 -919 -279 124 -5 747 -980 512 451 -511 716 -813 139 259 -696 -639 -193 -567 693 572 -495 -266 107 630 221 -412 -539 -676 -425 581 957 -427 931 823 -833 595 44 843 801 913 968 -482 631 134 255 221 116 -624 169 -728 -182 31 -931 -497 -167 299 -949 285 515 -272 621 126 837 -23 -481 313 969 598 611 387 -693 -551 654 -49 377 41 -627 611 -455 -347 872 -266 -52 793 203 -553 475 -601 286 469 614 891 261 -705 -839 240 663 432 -195 -199 -273 663 -77 -832 41 839 -323 757 861 -275 -676 -593 572 -920 511 0 715 75 408 121 -505 -840 704 -467 -581 80 -598 -925 742 504 -407 315 -369 234 781 -893 920 770 471 996 308 -488 -552 -969 593 -723 -591 -231 224 -469 -281 351 -966 142 643 717 106 195 -616 876 -79 793 -605 -473 323 476 -57 559 -751 816 387 -615 879 -770 697 910 -251 259 -705 -433 298 159 -163 263 757 -962 -231 665 -932 607 -53 -366 551 105 715 191 -634 -545 275 200 -55 -477 -84 -77 443 -381 575 17 566 -365 836 693 532 284 698 -635 224 -841 897 -865 829 -409 -707 35 808 -182 -481 -796 371 676 -825 -27 632 84 -14 -91 -819 -77 -231 -959 -931 145 -539 -837 -749 -157 -336 -155 937 -871 933 319 89 977 -661 -365 -98 -584 833 -629 -418 44 -581 -729 178 83 -764 -137 981 265 -276 -905 -105 375 -927 511 357 -455 572 322 104 -900 206 924 -756 326 -392 322 728 -848 556 -490 -826 -364 -594 14 -224 -748 -520 200 -496 332 -396 314 -308 -878 -322 -466 642 -32 462 -480 -958 -532 812 -752 -912 494 -236 -648 -206 -938 754 672 214 296 -848 224 -84 -422 -348 -366 -998 528 362 158 -406 -974 430 -168 -876 -650 -70 -102 -114 -868 -430 968 -822 -308 434 648 226 394 258 -130 -704 -126 764 240 594 -944 -584 0 494 42 80 -532 -930 -952 770 -320 806 -74 630 170 14 -352 -724 334 -854 78 696 -802 -610 518 580 -630 -312 896 -200 -242 -630 918 714 678 -616 402 -574 -938 -8 -930 252 -714 -306 820 -858 -572 -614 858 102 56 266 0 990 680 286 -294 308 -608 476 -364 -924 814 -690 -994 868 -882 644 -446 -896 746 32 724 -226 -14 -344 490 -526 786 -700 -16 -630 34 662 -304 -376 158 18 -252 812 -44 852 -756 -144 338 -56 -988 -122 806 794 938 170 -190 342 -786 -738 26 -40 58 58 -906 -880 812 -716 842 716 -564 -414 548 -692 -176 316 642 -160 -716 -154 434 -274 -322 668 -160 -952 -224 -728 728 156 904 696 380 756 82 592 -900 -12 -854 806 -888 -490 380 -534 260 -784 -460 298 -476 562 -140 416 504
1000
64 592 768 -837 -704 -875 -540 -480 892 990 -662 209 -814 393 -220 -152 -775 -905 -84 399 -175 641 -938 431 98 269 333 755 539 -427 677 259 -481 -525 -271 -61 707 676 487 137 -910 143 297 -507 911 -873 -299 154 -954 -169 -431 -813 -546 517 -649 566 -953 -573 -269 -819 173 -287 -221 -62 -91 -260 -275 637 -370 515 767 -67 680 -422 -795 -833 -154 -743 -814 -179 -607 -181 -824 704 -437 832 -963 -712 902 597 455 113 -348 405 -483 -237 0 997 732 -553 958 -91 -581 725 -362 494 825 -215 250 638 -913 913 -849 425 -973 632 -610 -647 611 812 -95 -253 407 635 507 -886 115 -117 86 -231 -163 207 637 627 -927 791 -143 444 -288 116 -559 -583 629 379 -326 448 -517 863 -823 704 755 117 -108 -843 -881 620 793 -669 -897 351 994 -543 211 889 826 -693 273 473 935 -767 -129 -329 -819 -728 -651 -225 -668 676 869 -495 -141 -18 808 -889 182 -391 -595 -540 275 983 -175 523 -611 973 -455 330 -91 -609 -843 -112 -673 279 143 -314 -75 125 585 -124 -149 -792 131 405 -117 -948 -857 718 11 -933 322 -577 576 723 -997 300 -233 -581 -716 -186 351 -847 -546 847 -572 609 -27 -863 -961 -11 241 -341 570 346 710 503 -540 -133 -75 -485 -557 -795 515 -77 -561 -455 -411 868 -45 175 65 997 869 957 357 242 -875 -299 449 182 463 923 -484 861 809 894 -126 -35 155 190 -65 235 633 -787 749 -642 -103 -281 327 -972 203 819 -924 -203 399 749 49 973 -468 65 82 -251 -434 597 -794 -973 -936 749 181 31 585 -182 -845 620 77 -188 507 429 253 -355 -419 387 805 373 -362 637 -967 -767 693 -481 962 -341 -756 -557 -427 883 -101 792 -760 -410 -655 963 -381 576 503 -277 -786 889 -117 -597 301 -357 286 -169 -726 -601 -825 -213 619 593 -16 -867 32 330 -917 -869 858 -561 -993 126 -585 165 749 -470 612 462 175 295 752 653 -295 935 -377 -33 -232 955 -623 -767 -825 -745 238 -254 -730 244 -417 -553 134 48 -616 207 -543 807 436 597 84 616 450 -711 817 -245 -991 -219 91 919 -33 941 -775 627 -41 941 -546 692 -65 800 377 985 423 -131 571 121 123 41 319 -345 462 -256 819 935 619 133 994 33 -950 637 228 -931 -746 -202 -805 713 -279 808 972 683 601 -959 -867 658 -83 -56 -473 280 -941 671 599 647 -714 564 647 -261 199 -871 523 343 -774 -18 -315 -303 183 610 -343 142 -636 91 649 101 160 819 808 -624 -105 -65 -569 -702 -207 -770 -511 67 549 -337 697 4 154 428 -553 749 -699 889 -807 -769 686 65 41 -467 -654 -909 -377 0 -677 231 -189 70 885 -259 -868 791 -761 275 225 180 -643 -741 724 770 -585 252 -434 168 -309 -665 539 -8 -949 -665 789 -23 462 26 -368 -286 857 861 -108 210 823 532 273 -594 -48 476 -160 686 716 -427 834 175 -630 741 231 -754 846 119 173 319 105 -583 623 819 175 845 343 -923 660 404 -920 -992 -715 -416 833 -536 -929 -143 372 -780 -444 -78 -11 -682 979 -513 -749 -889 208 -143 -749 45 95 -757 -782 -576 539 -971 287 -923 -845 0 -722 0 -724 -484 319 171 -212 616 -915 -779 -43 -598 55 -393 -913 -789 -574 470 -784 385 -518 455 604 -771 651 -174 639 -265 -761 -330 429 -98 945 555 -886 989 -571 -448 -983 51 507 -963 -655 -146 161 73 -117 -748 -397 -868 312 -351 539 508 837 -374 717 649 643 356 272 91 665 0 -261 -852 158 476 633 426 -500 839 91 25 299 802 -741 -17 872 917 -855 407 915 185 504 301 -247 306 -35 -105 -738 253 123 327 -260 -911 -2 -945 539 -63 553 565 -158 825 -56 364 -385 691 -665 -44 -632 253 -947 148 699 893 504 842 -27 176 503 -133 42 -367 -180 686 -105 14 825 427 -598 119 -717 -821 369 513 525 -217 991 -543 847 157 701 832 -618 122 -616 954 -326 452 748 640 -192 -178 474 68 -514 502 528 -276 -266 -262 546 364 -166 -52 -688 -932 418 -952 136 -748 978 704 282 260 764 714 -924 748 -360 802 584 426 -914 880 154 -452 516 28 798 -84 346 254 618 -604 -748 280 -590 378 0 214 -778 788 442 892 474 -464 -656 588 -20 -872 -134 -554 -780 312 -616 676 662 -364 124 374 -292 -574 -668 -726 638 -560 -968 -202 -572 536 -686 -404 -728 988 -182 -214 0 884 -256 108 686 704 -56 -952 -900 394 -880 -352 656 -910 -88 -628 652 216 792 -910 -434 -400 -792 318 588 562 -588 154 220 868 546 202 -768 -726 932 -572 -26 -800 -320 126 418 -734 -598 -198 190 -364 608 462 -60 222 -654 868 270 -596 -904 -948 -416 808 544 468 -132 468 -440 888 728 448 -154 -814 546 -910 832 -448 -18 -732 -484 -312 408 -154 218 0 -852 834 854 0 -994 -406 -28 130 -600 -966 -478 238 0 736 362 0 -436 -696 -196 -758 392 -74 -914 812 -396 -160 902 -368 -70 594 966 0 -506 -858 -98 -48 190 -826 -356 280 632 546 -406 68 -388 616 676 902 -418 -552 -702 -300 -742 290 914 742 -446 -154 198 -702 -428 434 604 -962 -110 -230 -258 -802
616
113 75 187 497 -263 -383 231 297 -351 572 -607 -388 21 -511 -673 714 943 -445 984 995 -510 115 973 793 -319 741 -371 936 -595 999 -47 0 592 752 -930 238 837 791 966 530 681 151 298 -992 -793 -589 -180 647 470 163 602 987 -587 315 -671 623 535 426 -9 -169 -388 -693 -455 341 635 295 692 -788 -791 -830 65 -959 637 971 805 -553 -563 957 84 773 -55 -682 235 -331 726 -44 705 -630 -776 -689 70 511 -259 -575 -100 -616 -949 -415 -684 -531 473 587 681 286 -567 -148 965 708 434 811 -40 -511 -1 357 285 476 265 985 897 -265 -989 -770 -273 -637 132 -852 -793 358 43 -464 -154 264 -11 -315 -441 -102 -847 -959 949 802 280 33 591 925 -201 -83 -509 419 453 -68 -182 243 647 -411 599 915 -468 -148 385 297 245 455 612 780 376 418 -572 581 -291 -494 -523 91 -77 -999 -297 -913 209 -289 451 462 282 -905 -142 -189 -423 503 26 -424 561 643 -637 -642 -354 -925 -980 -267 143 392 -748 -195 -517 -266 277 -533 -216 435 -585 -609 949 934 -243 498 803 -630 630 -443 -653 805 363 147 969 -684 445 -86 -819 855 297 594 88 897 420 633 -315 -462 770 -889 -533 630 161 -395 322 92 829 429 344 -8 966 539 939 -245 143 -728 975 -689 -917 -325 -537 572 751 780 778 110 -309 -743 -33 -929 160 -988 -409 93 -517 153 -774 -355 301 -139 -875 759 -391 511 -427 -25 444 39 637 534 150 -637 -979 -651 101 112 665 -794 866 434 715 -544 -826 -927 -377 -455 -612 -525 395 271 -343 -63 -760 -717 70 217 709 -973 -517 -21 214 440 437 -429 -256 975 -542 -499 616 385 -458 -354 -325 630 -515 493 205 976 501 756 -677 -129 627 455 468 965 -93 479 -279 62 -45 -437 727 773 -845 -684 -653 -94 147 -575 -336 617 969 863 -794 -945 -935 829 813 -988 -794 107 -24 429 189 243 321 747 -422 -907 -168 -143 -833 -649 -835 725 221 -597 856 679 -247 -667 -32 -569 -189 -620 937 -733 317 789 22 411 466 220 147 498 -294 -737 421 -513 724 185 -7 -715 -500 55 281 143 -353 -637 -245 418 85 -584 217 89 -588 -876 -924 -988 308 308 -478 -804 -940 22 -864 198 -632 -720 132 970 546 220 884 -66 -724 196 -496 -580 338 770 86 -826 460 254 -996 -132 728 -914 -786 -550 560 950 708 -738 -66 562 -608 -22 322 14 -302 -286 944 -466 396 -70 -176 -602 418 -784 -500 520 -374 902 -582 220 -784 194 -910 108 -764 520 -522 266 -560 432 -686 2 784 -46 536 286 -260 494 550 622 -212 546 -302 806 -300 392 308 104 -60 -680 134 356 0 -904 -494 78 -916 418 820 -828 -130 -64 -260 -728 -950 -886 912 118 -744 -616 -670 868 -828 798 140 -472 124 -182 706 -668 -172 -858 972 550 224 970 908 -968 572 -44 -878 884 -910 684 -318 -700 260 -770 -198 406 -406 -240 350 -798 -470 -856 -740 -70 -374 -644 188 -780 448 -562 -636 -514 -620 770 -848 -702 100 660 -114 978 420 560 462 -494 -204 728 -402 994 990 -538 534 -104 630 702 -858 826 810 -780 -422 194 462 -86 -202 770 -322 -518 -752 952
821
732 -25 -403 425 -525 -417 43 -875 -653 84 -770 -154 63 900 -906 -664 623 832 -971 91 -134 784 157 -100 -189 -630 -452 -943 -600 375 795 -159 -57 985 -231 -336 -891 77 862 -714 -904 990 -884 12 76 143 -414 195 -953 256 -371 -663 -615 -827 -19 168 -595 -325 -175 367 -13 -663 -753 819 -265 -572 -469 274 -651 473 45 847 822 -460 342 -429 -177 -275 -683 366 -34 -678 -336 548 -166 -493 -117 -609 387 -256 238 121 319 -389 573 -364 129 399 860 539 882 112 -91 765 -189 49 632 127 -857 657 932 882 706 -421 -893 -893 -496 967 -121 199 -829 -616 693 -638 -572 -39 970 187 -313 143 419 -431 264 -663 660 -143 -551 -951 -430 735 -902 -553 -425 77 -129 -24 193 994 138 289 -677 907 426 -411 812 -79 -147 -627 -357 362 -7 -211 -651 571 -77 323 834 687 -91 609 396 299 -994 587 -563 -333 -931 -964 495 891 530 506 289 415 385 783 767 88 475 -483 29 -494 -186 560 -287 125 -631 -978 -91 956 -77 -502 308 169 887 -975 -199 331 43 -56 427 -441 998 109 -904 -682 -779 -473 775 813 239 -480 -581 -143 0 861 -66 -806 -686 869 -579 -258 -546 325 -648 602 -929 665 975 -897 -396 890 604 917 -325 343 -518 -811 -325 -466 -938 531 -176 -955 -825 499 -543 -123 -86 598 -56 -634 885 176 -749 -77 93 -257 -461 721 -771 -169 -913 -588 474 783 -377 -847 431 840 -65 996 -767 -845 -763 629 -273 511 763 -701 -585 -347 -672 -932 208 -168 -10 -333 -754 -676 349 -309 -961 720 465 -817 418 -588 -433 -957 207 -966 -459 -161 -879 693 741 -539 791 224 -998 -343 292 439 97 -359 448 203 403 376 -169 924 -553 7 -731 -763 231 187 497 528 441 -794 0 942 908 -215 -506 45 947 -439 -645 -189 -983 881 -635 70 -967 -306 -267 969 -341 885 -14 741 -764 821 -945 -249 154 717 -40 -156 520 244 -128 33 945 -132 -819 417 -110 181 -175 931 152 11 -992 715 308 451 -309 -457 990 856 -847 -550 -844 -783 796 744 623 258 895 -559 -297 -65 5 373 -660 924 927 968 -803 780 -910 -322 -803 969 -109 -239 -451 197 24 917 0 86 713 -633 -364 860 -139 439 941 449 399 -749 -975 889 28 -953 -462 -167 913 225 293 269 37 815 539 789 -640 -298 363 471 -660 77 -599 347 26 -987 -481 -117 307 -813 979 -179 -490 487 -629 -586 289 -489 546 257 -297 -789 -286 -201 6 -771 431 79 81 903 -379 693 495 -360 -324 807 -691 778 -583 567 226 -935 255 -793 -202 371 211 -469 677 -363 210 693 -82 -428 575 -473 -761 -357 165 117 861 473 -439 -13 -979 -913 -597 -363 803 914 973 -187 -133 -862 -685 916 -484 627 -663 -937 -127 201 -364 -117 -383 -378 -231 -147 -827 -335 945 -803 -900 252 749 99 -749 -596 -697 -488 -839 101 633 -507 -180 -140 -148 897 -863 17 -951 637 -905 -308 -919 -757 120 -294 -546 654 626 -707 -344 198 472 143 -899 -303 287 -674 -803 155 -136 -911 -16 932 -595 -99 -209 364 511 154 -918 -315 -283 684 290 719 -588 -588 109 -707 -595 -79 -693 -295 -663 496 -955 203 933 280 -911 647 -760 714 327 933 -263 733 -440 -980 835 286 -140 133 55 355 794 688 429 -196 875 989 728 735 -385 294 362 145 -975 -399 -904 -410 -7 163 -767 220 273 620 951 737 -367 795 419 -896 382 455 6 980 441 463 854 -538 -889 766 42 393 -847 868 430 638 -796 818 442 624 266 -512 -308 -630 780 508 -156 -294 220 644 -216 -506 -738 -482 808 2 646 774 116 -466 982 146 -410 322 548 754 500 -540 -42 442 680 -140 -908 -528 226 20 604 -226 614 -626 146 522 -484 358 -314 222 660 -732 -1000 440 660 -556 206 938 0 -488 156 -426 32 -898 828 -390 -184 -30 -96 390 118 544 -140 432 704 210 730 -910 662 -374 -372 -874 -546 868 728 -722 -364 176 902 630 84 -526 332 -666 244 -542 700 556 92 440 182 -282 -988 -554 756 698 154 -486 -336 -114 -442 276 -946 474 148 954 630 -746 380 66 910 -840 -394 -434 198 598 920 -386 572 130 88 200 -426 -418 832 -700 -542 -970 -886 784 718 262 490 -700 66
428
708 -401 79 276 195 -85 870 341 473 336 -749 630 820 -693 -753 21 -528 343 -919 559 668 793 -280 -455 -519 691 694 -62 -656 -329 -935 910 980 -911 -9 329 315 677 -343 -624 -16 134 421 -203 -364 140 -923 -277 413 14 943 -173 -825 -640 747 -862 -321 966 238 204 -967 849 686 -923 -78 -702 -665 -168 710 -219 -180 637 -409 213 -822 617 -650 297 135 -603 -614 833 599 614 247 660 495 -631 615 -299 -833 -610 94 -679 691 -252 -701 478 -777 115 945 -889 7 -587 -231 898 -763 927 -888 -253 -561 323 676 425 -273 -644 -931 53 -407 783 455 -932 683 714 679 488 715 -764 -481 -639 -21 253 581 -613 158 437 880 245 851 -43 572 -110 361 -495 -735 209 -383 -698 466 -178 -567 625 373 657 -179 -393 -725 -480 -338 337 -33 -637 -913 -353 616 10 67 -772 -420 -379 371 320 -760 -749 -376 -365 -220 141 605 673 -97 611 -177 -254 279 -245 784 -583 -531 463 875 -442 -443 -241 -290 819 -23 455 -273 299 273 193 -506 0 119 692 -828 -871 429 -871 -871 -287 -439 395 -46 175 -344 191 -905 789 296 -171 126 454 236 -354 -625 -422 610 -593 -819 617 985 -944 847 -551 659 525 928 -766 -354 911 357 426 431 499 182 -187 80 250 -700 483 733 340 765 -111 -12 39 308 229 477 209 880 543 -143 -298 455 -668 315 -715 26 -249 209 541 -677 -847 76 -367 -622 -783 903 141 42 132 871 392 111 497 853 308 -234 -295 -655 74 84 -354 -364 770 -373 411 -242 0 0 948 616 606 -558 -728 -64 188 468 -942 -252 -468 -476 -462 1000 862 386 874 -442 844 -820 -954 -956 728 250 0 728 -130 -812 -124 -558 616 38 -284 366 -728 -758 -968 828 310 142 -294 64 -104 346 166 -992 850 -726 974 -58 -638 884 650 -222 182 184 2 728 714 -82 860 870 -154 868 508 48 -28 -904 84 564 520 -76 216 -652 422 486 826 692 -626 982 0 -342 -70 314 -676 696 -630 -810 988 -112 -22 378 988 332 218 -750 -934 -416 846 -186 358 572 -682 -548 22 -580 -294 832 980 -890 -176 652 704 -868 344 -110 674 444 -52 -34 294 588 388 422 -850
580
-813 -286 -731 363 -401 -371 847 -555 -560 681 -369 -515 -79 -71 -693 975 193 -379 -478 539 399 627 -466 -55 217 59 -872 514 -655 287 429 377 36 -748 581 -672 110 783 -841 -455 -886 -595 150 545 853 297 321 683 -745 905 -868 833 539 -707 -407 -656 649 420 468 143 -11 -739 715 938 -539 839 -596 989 -679 -69 -407 169 922 -523 -411 335 627 -777 399 -670 -353 519 398 -273 -787 -472 563 -85 -294 490 -273 693 199 -304 713 315 -399 -112 265 877 -143 183 215 924 -569 732 54 -410 25 -379 -901 -904 45 -855 691 -159 -135 222 -851 -539 -645 -328 -969 862 -175 951 287 963 227 99 616 -955 658 -759 -429 -112 525 -728 -209 -698 -385 606 -725 -357 -939 365 -359 77 467 -110 637 -329 -77 661 935 -79 -750 873 24 749 181 473 -585 -260 247 713 491 -320 933 539 533 -128 -129 373 -959 -283 -273 -993 -813 148 819 -392 166 -67 35 -757 173 -295 902 -177 13 -295 -682 403 -675 -814 283 191 -888 838 -309 -841 -551 -385 837 132 997 775 -653 -473 -56 605 533 572 276 259 14 -301 -679 910 -331 -747 -375 247 757 801 105 -811 495 46 427 525 7 926 309 9 361 871 759 100 -406 259 -798 231 946 432 -39 -171 55 -362 188 -269 321 551 572 -111 572 583 275 -432 947 987 -53 -467 -15 -686 70 432 -763 -557 -83 -205 637 -727 -596 801 -533 983 -967 -321 -321 110 888 -917 47 -861 659 -132 -457 937 139 -203 -182 203 681 -609 -287 753 -97 -91 851 630 -154 871 771 -299 0 461 -244 332 -317 947 253 -986 -763 -57 -505 301 500 773 -77 -703 319 749 721 399 -641 412 -877 -261 975 888 -833 687 -555 962 -461 -943 462 773 771 -947 913 -565 472 -364 637 591 366 112 -853 -651 -727 646 849 -418 751 666 101 -636 87 -169 87 585 125 -769 -689 889 -936 487 490 -301 47 -973 -992 -633 -245 44 591 -314 -491 -168 -622 297 -434 -393 -117 -871 -737 -2 -330 709 13 435 922 336 516 -742 646 -148 -508 8 -170 156 614 -154 308 260 170 462 320 -954 168 990 -762 -780 792 994 810 -410 390 -510 540 -896 596 892 292 976 -390 -234 684 572 42 88 -674 762 342 -504 -86 166 160 -286 -896 -520 746 564 772 -882 -240 878 -416 -616 814 108 560 -162 440 478 -826 -190 -504 644 -624 -692 430 614 154 756 -48 684 286 -390 790 94 -140 -18 -924 64 -504 -286 -714 406 -616 -278 490 -442 594 -108 2 724 -26 156 380 -392 -890 42 -1000 378 896 -836 -764 -710 -598 -780 -492 1000 640 456 668 564 592 -328 -294 -386 686 792 12 910 852 -936 -504 -702 -572 -866 -396 -178 -198 450 -412 506 -546 -544 928 70 -160 -242 564 -828 -590 624 -438 628 -500 -424 -770 468 52 -366 -452 182 -920 -378 -882 902 682 -980 602 434 382 72 -154 104 426 454 -348 714 868 264 462 -690 -882 -42 922 344 -692 810 924 -66 -494 906
790
-952 35 -617 -65 76 -965 819 509 -373 279 962 -78 387 -387 217 -986 495 611 -587 -915 -339 272 -869 461 -322 -685 721 667 -913 773 -992 -637 -603 53 815 329 737 631 -384 750 275 -602 -327 -635 924 417 -266 695 -465 -530 -979 520 -392 -680 -947 697 903 672 428 -335 -390 821 819 32 231 -381 -179 851 -740 607 786 -109 -373 -573 -643 707 -23 220 -1 -655 -377 836 777 873 -568 32 771 319 649 -178 359 -511 -956 -301 971 -501 439 -625 -361 -523 534 910 -559 -585 -645 494 -156 -56 188 -225 411 -275 753 -713 -825 -977 337 -682 -624 77 199 -385 611 -858 -677 206 599 -641 942 -902 -155 241 -903 -534 119 -468 459 979 349 491 546 -945 299 79 584 275 -818 203 -929 566 323 329 -325 705 161 674 -683 -535 728 -18 980 -721 -858 -19 -70 0 515 -203 476 -449 558 -130 -40 -677 -609 839 -749 -500 301 -450 -976 -427 -546 689 -56 -882 224 809 737 -594 -197 -529 -662 -761 -685 -177 847 -65 664 -728 -988 84 423 -387 -715 -336 857 -217 679 517 -30 767 -217 931 -134 -311 -733 -863 196 -800 -588 461 229 -724 -83 299 341 -775 119 421 -772 48 546 214 143 -663 924 124 783 354 534 -789 -343 19 715 -883 963 921 987 687 111 215 -591 606 767 -420 -93 203 588 -413 137 -520 -355 -99 145 -986 817 627 -507 -46 675 -612 943 18 -921 3 -1 -493 -867 -165 -377 -846 -61 55 -444 -483 -13 889 -421 308 -196 -935 -730 373 -614 -563 205 295 188 273 971 57 755 -267 -246 311 727 420 791 -118 -545 -315 -3 -351 -889 796 -81 -103 438 -529 -715 46 -86 -109 -983 459 -5 -130 163 -93 -665 -437 855 163 571 -602 -324 0 336 -391 765 975 -308 358 667 445 -631 741 783 255 593 0 -457 -715 -453 -39 -565 109 629 77 983 857 777 417 243 993 -592 646 543 -349 -380 692 -969 -742 -759 462 541 -285 -713 -463 675 -18 -759 63 -535 -341 -121 -46 -126 394 -769 -297 635 -902 -616 -971 187 -889 -252 15 814 749 231 769 259 -623 -207 589 -187 733 505 183 -351 -945 520 707 385 644 167 49 -180 -15 -819 -91 679 -951 913 559 -620 -892 632 -550 767 343 278 570 240 79 -983 -882 378 644 -750 763 334 836 768 562 -489 611 680 504 847 987 -967 299 -105 737 846 -707 -434 -219 178 960 -808 908 868 931 -689 -98 -763 567 919 390 140 941 63 629 -285 -193 -835 833 301 329 689 -649 -319 425 228 -863 -16 860 300 363 -734 551 7 -733 -927 198 -203 588 731 471 -143 707 266 320 -957 -921 941 -513 859 349 288 -286 473 -33 253 -34 887 421 403 867 -235 749 -429 -696 951 -475 535 531 -107 91 692 892 -130 770 -659 595 709 302 -819 847 594 -120 -636 -209 252 -104 -392 825 941 -119 -605 605 749 -551 -733 -634 -886 557 50 76 -313 693 -983 -612 -595 791 150 297 93 182 672 -120 454 65 -919 746 351 -384 -605 543 -563 369 710 -679 131 45 933 959 675 42 604 -342 184 958 70 164 196 100 280 336 -338 -22 730 812 -864 -854 630 546 -728 -516 8 -792 -674 454 -278 266 -500 -764 546 -476 588 -846 -212 -980 -698 994 800 -648 338 -952 896 -88 58 -308 308 -396 946 622 -78 -226 -490 264 -14 -624 352 -902 530 -150 154 -656 -996 -480 -28 268 -790 938 796 916 -608 -724 470 -776 -308 770 -458 102 560 544 -472 -264 -420 -390 -784 -176 -686 -578 -52 0 798 -190 46 480 882 546 230 -804 168 -198 796 330 -970 -838 -620 702 -768 -590 830 842 836 -806 -308 524 -14 518 -910 190 910 88 882 -618 42 852 820 368 -952 244 -916 102 614 144 -182 26 -686 -922 624 40 -264 -368 -256 0 -116 848 158 954 862 -64 918 992 504 598 938 -748 990 694 -804 -150 352 968 -784 -400 520 676 -616 -262 936 -104 -932 -348 -602 90 52 832 -722 406 14 792 400 208 -814 762 208 734 -28 86 -608 742 504 -224 858 798 76 -706 704 -502 702 -98
283
539 590 807 67 889 -848 637 921 594 -560 43 99 385 429 -191 -610 21 521 -485 565 -933 -424 883 -816 -5 571 563 -697 881 -91 -383 -6 -910 604 -418 -675 -277 -455 969 -358 51 429 -721 -686 -889 705 -343 -705 287 468 -906 257 61 -717 -879 -573 418 462 329 -903 294 -289 -364 -933 -131 -588 119 -780 490 693 91 -763 -119 575 -555 23 121 -769 -301 -732 182 363 8 -635 -773 -871 516 197 -533 -245 -523 520 -169 -391 383 -121 -373 -575 559 585 -63 339 -819 173 -598 507 994 -7 -65 655 -969 614 -40 517 296 -989 335 861 611 329 917 -898 -637 -143 976 731 905 0 -331 209 -580 -980 362 117 -638 469 -231 -735 693 129 66 287 173 171 289 213 -39 25 -741 387 -139 -831 683 291 273 924 -860 153 -135 -635 875 727 263 -262 -813 -241 565 768 -316 -287 347 147 -925 -962 177 -357 -2 -357 264 -612 118 548 446 -858 988 -646 168 820 298 -60 216 -612 868 772 -866 730 754 136 54 26 590 960 864 582 -790 346 -234 274 -802 44 534 -340 -522 -932 1000 984 806 -644 -128 52 -332 44 -582 282 174 -124 126 -850 -420 -280 22 -830 230 -468 284 -490 244 956 506 -168 154 520 952 -712 -24 -674 246 78 -628 364 -814 754 -676 -282 766 -616 142 -372 846 0 832 -116 798 368 122 306 -114 -994 910 334 -176 -100 588 -488 -678 174 -774 -576 460 184 -636 510 -132
678
411 13 434 231 -429 643 -271 665 -423 69 693 755 -657 -871 608 833 988 -407 889 -767 -726 529 -917 165 -511 -461 971 -992 -875 -813 761 253 -229 -555 517 -803 46 -623 275 231 389 -466 537 -728 1000 -455 298 -23 735 -747 190 649 -38 99 890 -731 -25 -873 683 103 -617 -893 -689 -369 773 759 811 233 -25 -180 -995 -987 -754 955 -455 559 723 20 200 -101 -119 301 9 -956 668 375 -675 381 119 455 68 -217 -889 714 57 489 -385 -172 -997 -683 -74 572 -875 -154 -71 -462 -899 -648 195 -429 506 81 -741 -137 240 -927 871 430 815 -733 -854 166 455 -155 48 -591 598 -893 -881 461 319 -671 61 589 379 35 55 768 882 279 769 -725 937 -567 765 390 68 615 580 895 253 828 -865 662 377 450 971 -366 -509 257 -507 293 -245 -801 607 -661 303 -808 463 21 -813 36 572 -559 -477 579 849 758 117 -891 283 -761 423 971 -448 -315 -199 -401 -654 -441 793 661 631 -335 -250 715 797 19 -231 871 546 189 -491 -572 -326 11 -405 938 525 611 655 483 -482 -205 941 -962 -437 -833 471 -252 129 -592 -963 543 347 843 -726 299 573 -619 -941 -253 -357 7 959 -615 -812 968 901 247 675 239 405 896 -693 985 -770 305 -315 -742 671 390 990 949 587 -107 -473 737 923 853 351 259 924 -897 -196 -819 -915 -737 -143 441 -663 -954 -775 845 231 781 -225 209 915 -133 707 715 376 -133 14 193 -541 823 -231 -927 -763 598 -273 562 -59 -559 -117 0 -41 -774 469 799 -308 -826 819 -603 -811 637 -315 484 93 190 418 413 507 -813 -679 549 -846 -805 -862 -22 -953 -829 -329 781 -479 563 789 918 -806 309 750 -715 -119 -553 227 753 -837 364 -458 -835 429 600 851 -943 327 212 981 -353 -168 352 923 -863 462 -891 -783 973 835 -839 -43 -555 -657 147 38 -759 -773 -57 427 911 297 -225 19 308 663 -3 -35 184 -131 -61 -875 938 297 781 517 133 481 0 62 581 0 101 -795 793 -848 399 713 637 509 -463 -147 975 -568 -372 -803 992 -676 -303 -451 124 175 517 812 -833 439 -475 399 363 -156 847 693 602 183 314 -95 391 -462 630 -317 469 -715 247 559 -241 -553 -393 938 826 984 217 397 -767 213 604 -448 750 416 854 -176 730 -968 -196 634 -834 958 452 -18 -572 774 -576 794 -700 236 770 628 -250 994 -462 846 -232 380 -926 -762 550 224 -572 708 -110 -978 830 -26 660 476 110 -984 208 -918 -206 -514 -54 634 784 26 -896 280 -96 -364 -168 566 996 910 572 -642 816 -42 490 0 696 732 -468 -764 766 -196 -756 -772 906 -638 424 -728 -352 750 -464 596 748 882 320 -508 242 814 646 946 286 -744 -462 -136 -920 -342 -154 378 570 -750 882 -52 -112 888 -704 -58 598 -604 864 -910 102 -610 -524 -134 -350 330 -170 78 742 -730 -88 -262 854 810 -872 -196 -948 -68 352 616 636 -268 6 530 676 -644 684 -734 -510 -42 586 -274 280 -60 -846 -810 128 708 494 806 962 -84 2 -946 -976 -338 868 436 500 984 772 960 64 930 -360 -30 364 112 470 -588 56 -6 830 -846 -112 776 -316 764 824 132 -544 242 -650 -134 -766 930 -322 -910 176 448 -820 682 140 -476 -814 -452 924 -516 -876 -634 750 300 946 28 840 892 260 -840 -196 -404 -96 -744 -588 470 -700 -586 -964 -214 858 -858 904 -298 -484 336 -462 716 -910 912 -62 728 518 262 -716 708 740 378 702
254
63 113 -3 809 -336 627 0 596 55 927 -902 30 286 -126 981 -191 824 -105 503 -755 781 -525 531 -786 -119 -651 -525 239 -1000 -561 -170 -467 751 578 -388 45 -689 -777 -495 381 -371 -462 832 -469 583 460 623 889 205 91 335 949 -728 -769 -561 -77 813 273 248 973 253 -121 -601 61 741 -611 4 -39 -624 -712 581 47 945 63 590 752 952 231 -237 617 476 404 -450 57 -924 598 959 -325 -366 -858 -287 401 621 755 45 416 -862 -803 -283 -123 -700 286 858 -451 -336 -98 -407 589 -737 671 329 973 517 678 639 -271 216 149 559 -823 7 433 279 -205 -504 -103 -943 315 -273 128 -70 -651 -615 758 -409 895 132 91 -924 -195 -930 364 748 819 9 -994 -452 445 671 903 147 -758 -269 211 81 779 -346 455 956 -815 -689 -515 -543 336 -499 -391 -518 547 -219 169 918 676 -945 -39 -243 -752 -319 -32 743 -853 237 321 567 36 -484 213 621 59 735 -702 -428 44 858 -600 -782 622 -132 -624 -876 -868 -996 52 -702 682 -806 0 -900 440 348 132 450 544 -952 -990 -682 -610 244 260 846 48 284 -62 120 706 -64 -408 -412 400 -8 -346 -82 600 -618 242 -576 642 -126 942 -796 -302 -102 -88 -952 308 -652 324 -256 576 296 -772 -750 262 764 558
10
276 -741 -28 741 -451 144 -108 -897 -716 441
876
23 879 57 -896 -979 61 -437 603 553 477 622 689 -957 33 799 -673 -838 -767 69 685 -66 -79 7 85 427 403 407 -476 156 -473 -560 955 -947 770 -533 457 805 660 -649 -319 461 777 903 -791 133 -543 477 495 -445 -627 442 -911 95 231 368 689 117 193 337 -189 -267 -470 -596 637 -379 -52 -915 901 517 10 -416 763 -758 501 350 -739 -265 -480 -927 -47 655 612 -999 -349 -876 -935 45 269 -715 -769 336 -558 959 643 -91 141 297 969 931 -861 -915 997 -298 -973 291 4 139 -143 -573 481 -935 -613 -155 763 -469 -743 429 689 444 644 301 -867 -858 -829 122 926 -455 231 -420 994 185 -655 953 -316 -121 203 -756 -193 -333 78 -693 225 -979 -158 15 449 -219 731 -909 -819 463 -975 -515 79 -728 -133 143 -550 -565 -697 913 -455 -839 -403 -284 -263 -107 205 837 90 -845 429 -527 749 -837 229 -524 962 658 -763 358 -405 517 -856 -649 -853 -829 -637 -332 212 483 340 -771 821 -369 237 -505 -163 -724 -45 -115 251 685 721 832 -124 -660 -647 -179 -321 899 756 -743 88 -684 -418 -389 -501 728 -994 -87 -363 185 -420 189 475 981 -828 -717 -548 973 461 619 627 897 448 284 525 -614 801 58 755 81 620 105 -697 -293 -792 -392 -811 803 174 -133 -346 -6 -532 -994 -825 699 658 443 651 522 308 830 -43 699 797 -193 -801 -307 37 -595 384 -611 -477 -783 595 712 -625 -574 -319 -355 -533 930 501 846 -403 -45 -773 -599 413 -273 373 676 -618 -35 -175 887 -627 616 27 401 -946 583 19 541 598 665 999 -138 86 -828 -287 385 -646 -82 -15 -758 57 135 -804 -532 -473 -419 -780 -89 -458 143 910 -869 772 -426 581 -944 182 629 242 -354 477 -741 5 -583 726 -617 -616 -448 35 -821 241 -676 338 759 617 481 721 156 -207 127 -235 409 -520 -765 783 -294 -385 122 91 -549 -740 329 687 -361 -312 655 567 135 909 462 278 936 10 629 -847 435 -897 413 699 499 -265 -98 21 -609 -835 -56 558 -42 -708 -772 -715 -757 182 -373 -967 -810 -376 330 365 143 -287 -321 -701 43 632 213 -176 -565 40 -761 463 213 -805 -537 154 -231 -241 138 181 -334 -247 352 -109 942 -636 -290 -286 231 823 272 -114 -466 5 192 220 -149 -363 -336 -983 936 793 799 368 643 210 589 99 -310 586 -476 629 -524 -122 -223 406 -586 -528 833 665 -728 -470 -665 71 419 33 694 433 -295 845 33 -563 -41 -301 523 945 124 -301 169 -785 -531 825 -1 742 309 735 858 -585 843 128 -425 -235 -35 661 154 -840 -27 -439 714 -22 -403 196 -224 -735 355 367 -838 679 -439 984 363 107 -117 -735 -85 939 -345 -796 -864 -733 425 -595 -660 -261 304 723 -136 -491 -585 -805 575 -661 -728 -616 -429 -785 -497 -515 977 -371 556 307 -605 346 -123 861 -304 256 -690 297 817 -812 -22 -649 -385 442 -641 403 -658 -603 375 559 -798 541 682 0 115 -217 287 567 -246 -520 -703 -807 -151 -738 -820 -223 158 649 -485 528 308 300 799 -710 156 39 801 -115 693 -553 -321 967 -939 -495 -573 688 -869 -161 549 -496 -819 -820 413 599 548 251 -829 417 -728 341 322 221 807 683 -165 196 -403 -101 -429 -841 -39 -321 -381 -865 -758 -7 98 -513 700 463 -851 693 -95 911 -88 -339 530 442 -147 -161 573 584 252 721 478 699 -442 -754 903 660 -442 -790 117 -910 56 -693 -143 345 223 -11 935 -245 557 329 -525 623 -820 -154 528 -432 908 412 462 770 -348 -922 908 956 770 -472 630 452 578 252 600 -170 672 -578 -996 -678 638 -132 990 708 -82 528 142 506 -478 -78 556 -916 -354 -594 266 -682 -814 914 132 728 386 -134 710 -710 -808 -22 398 -448 48 294 790 80 -484 880 24 -30 -374 408 494 -420 374 -272 84 784 -744 -560 378 50 -88 -968 -540 -756 528 -70 192 196 -840 -286 100 -132 -150 0 -10 848 -884 -232 -728 -386 266 -264 -238 -676 -934 608 422 330 -592 606 -612 -312 -220 66 506 -858 208 -230 880 -506 -702 194 -178 -996 28 0 760 -56 -550 138 -80 938 -44 770 330 154 314 16 88 412 88 -56 830 -560 466 692 868 422 322 302 132 -102 532 286 668 700 -770 -402 -392 -814 756 836 986 434 -130 456 -616 -832 68 420 -682 810 476 14 -630 766 810 -180 146 10 176 -880 -504 -46 -936 426 -982 506 -924 156 -490 -196 -462 -550 762 -936 830 418 332 682 -472 672 0 770 174 -662 454 506
940
677 141 -693 170 -257 581 -827 521 505 779 361 -987 597 539 -99 -567 -50 -865 67 378 -205 -187 241 -823 965 -781 -5 -663 224 385 -13 -119 400 661 -495 -662 -753 -244 873 804 -825 -423 625 -640 492 -497 728 777 -209 -379 -599 -135 -806 803 371 -521 -924 356 -61 -182 -637 -175 -441 605 -407 878 -595 663 407 151 -609 903 26 873 -30 -861 527 825 627 -724 -832 -301 -603 93 -889 -475 968 -539 880 703 913 -289 161 797 196 -924 121 959 -649 -734 -844 11 125 553 595 -85 -445 -13 325 -539 770 -197 539 385 999 47 17 869 -379 812 121 -273 -288 205 -625 -913 263 29 -814 579 -629 385 -406 397 705 523 798 -473 891 -292 -479 -745 21 -881 -560 -609 -107 -273 -55 -110 -304 702 623 55 497 364 -681 5 -299 877 620 -732 -692 -557 513 -819 -217 173 75 729 191 -561 -791 -74 924 -536 -539 741 -194 -209 -187 -150 -616 503 -532 390 -269 -49 -863 627 -264 105 -995 378 895 -749 371 -812 -363 198 -589 -74 -819 -902 283 -665 -237 -985 561 -155 -327 -336 125 -713 406 -140 -837 728 -902 -34 819 -814 -847 910 -7 -186 588 862 -532 -217 -875 611 -811 940 94 383 204 -637 105 715 -196 -195 1000 895 957 -357 -580 671 -585 504 245 -321 -806 503 -697 819 -235 821 -429 115 297 -112 -662 -509 309 570 -536 254 -162 565 -561 -9 -971 -19 896 -749 -143 -357 -733 624 -357 -925 819 4 -717 391 233 33 891 -410 602 -669 671 154 -823 -442 750 -509 -273 215 -623 525 663 539 899 154 -395 -125 547 15 -365 483 -343 147 677 -159 512 -26 609 937 889 -735 539 -858 526 -601 -508 -722 -809 89 -891 -358 -943 -840 -757 91 -917 -151 -187 -269 486 -91 33 -594 906 892 315 -259 -581 -728 -873 224 -975 107 -478 594 -142 -39 536 -768 -239 883 -606 687 126 221 -52 -329 221 -981 427 728 110 -481 776 301 -143 -640 602 -239 -477 966 208 -77 477 357 -753 -902 481 912 294 864 -597 -121 27 -585 527 143 -231 771 -680 189 119 583 -911 427 -105 -741 273 -751 -751 583 -429 964 524 0 -143 -883 79 164 -274 965 403 881 235 561 539 795 728 -968 459 210 291 -608 -762 -843 97 -260 -252 323 -725 429 -819 269 781 -997 77 -456 -585 -117 -897 39 138 880 759 879 -715 233 -189 -568 -406 269 -11 -154 -147 -44 986 -189 -541 264 -509 -815 -835 116 -189 847 -953 911 -442 -59 644 -397 628 -833 407 175 535 265 -689 390 857 -973 574 -189 -545 -163 -709 697 154 -871 611 805 645 675 848 -258 908 840 541 -273 -882 105 -299 287 797 454 507 85 785 -429 990 -872 -294 280 -373 -722 318 -320 -321 -212 992 -155 325 913 561 -161 -710 -949 946 -462 574 499 -332 979 65 7 660 -398 917 585 -91 60 609 57 706 805 -130 601 933 447 -988 336 -281 603 -627 -704 154 903 226 537 107 -364 169 273 414 -918 -37 -144 -21 847 975 868 -99 886 -651 973 781 -707 632 187 -323 164 996 39 -469 -407 -839 -549 -121 -379 -219 -406 275 -373 815 -968 153 -801 -215 805 454 -273 231 -185 -749 671 29 819 -763 704 -429 132 200 -11 786 -255 -345 -615 133 -799 452 691 -559 109 -780 -815 616 940 201 -738 924 -262 303 319 973 -98 -252 -755 -718 255 890 -77 -934 263 -49 549 305 921 -685 -584 -935 831 -617 406 434 -682 -886 39 -143 -365 -509 756 -897 324 -210 -966 63 511 -783 -720 -34 744 949 957 429 825 -529 766 -663 -161 -311 509 -895 -779 851 55 -449 741 21 -102 673 -862 -133 899 925 -280 -279 687 -649 -495 903 -227 352 396 -93 -847 -261 802 612 -624 46 -728 -165 -823 -65 108 -91 341 -891 -946 560 105 36 -463 454 -79 503 -176 736 724 -546 52 -348 272 -330 906 424 -6 180 158 -176 -528 230 554 916 -362 -902 170 -460 286 686 -770 154 978 -470 -976 -236 -638 -854 -140 834 992 932 -892 678 -84 182 -462 376 526 -340 -604 -588 -374 306 910 798 -246 -294 988 -532 220 520 518 -472 770 406 -352 -488 390 -196 -202 766 -784 880 976 -30 -320 -414 54 -574 -770 616 -612 -748 712 448 200 -616 80 176 116 876 732 666 -358 -794 -504 758 950 872 1000 -906 -762 -264 -442 748 728 886 -528 924 -102 -572 392 616 536 496 -238 -672 216 950 -636 -858 474 0 -414 858 -552 224 910 -764 -56 962 -478 180 78 478 -70 -362 192 136 458 -484 -96 -144 888 704 16 -504 -826 528 -532 808 -420 -2 -22 88 440 -148 -616 -808 672 844 988 -728 -58 -622 206 578 82 972 -968 -52 734 -944 -800 -792 -20 -608 -726 -526 -868 -772 -290 780 -282 530 -378 126 -428 168 760 -156 572 -156 980 -64 -20 336 68 -440 -650 -82 928 726 -454 -238 390 -896 182
809
-521 433 -166 -815 71 359 35 -102 581 59 774 357 642 -241 -117 -13 -441 -7 -595 533 513 -19 54 363 683 -101 42 -65 -341 545 -210 -109 -235 117 -317 -201 -49 -160 -918 -396 -228 201 578 -851 667 -377 -42 369 189 638 854 -546 -182 -39 990 -399 -219 238 243 407 197 510 708 -252 -971 -256 693 -832 -6 323 232 143 77 -222 -783 -497 6 -365 454 448 -686 689 -57 -848 77 -934 -267 958 965 99 -435 992 827 311 -413 791 -717 715 181 177 441 -777 219 346 -501 -497 -152 59 214 949 -179 -981 625 316 313 -666 -875 -783 -686 -561 145 -539 -219 875 950 243 -255 -526 342 -434 -709 514 673 -156 725 632 -26 -259 -651 539 -484 -75 77 -910 637 -511 -847 497 836 -366 689 690 126 87 -299 -159 569 -858 -496 -560 11 587 149 -689 -752 595 -939 495 -723 924 151 -388 -975 517 891 966 305 -112 -199 -481 -812 -763 -561 -379 347 567 932 35 727 707 803 -988 -559 -330 -481 927 -171 357 522 -650 211 -559 812 981 501 -63 386 826 481 -95 813 -769 -154 -623 81 -807 665 -91 -715 913 -743 -690 -574 248 746 39 273 -707 -525 287 895 -563 49 -183 165 413 344 615 -303 695 -281 -231 986 91 496 834 -869 842 -620 -417 671 -281 91 -558 -91 207 -351 -66 401 -287 -262 -889 847 48 763 -935 861 727 -455 214 367 273 -483 186 -572 451 -735 -793 -50 -717 331 340 209 412 716 492 811 465 693 339 544 -693 77 -609 857 -702 -435 -144 -489 297 -531 701 -151 819 189 170 98 -289 -737 510 917 375 897 707 -651 880 -613 395 449 -833 -561 -645 132 -427 470 877 -97 337 11 553 -907 -65 704 169 -741 682 -985 -462 -917 -13 -952 -55 143 -412 -161 -479 -505 958 -616 143 793 297 -181 -635 -378 286 -153 -415 707 -306 -196 -424 -549 642 -307 556 -243 513 935 -860 847 -671 535 385 539 171 -785 443 698 -677 672 -257 -920 -95 391 333 469 673 957 -194 -35 -825 -707 595 -882 731 49 -611 -559 -50 195 931 -154 -363 672 77 -225 -417 774 371 -335 -916 593 147 755 511 117 -87 959 -829 420 -165 586 861 849 297 325 -697 -507 -711 -853 -285 502 -231 82 -737 917 -67 928 248 781 -77 -105 870 684 -671 769 62 765 679 -130 857 228 721 -855 15 -177 -712 845 816 454 -681 -469 -535 41 -195 -715 931 231 11 924 -143 433 -521 -41 479 -930 -629 103 -986 -244 21 -425 -429 565 -82 -97 -597 649 707 727 579 218 -217 -369 847 983 -329 342 746 607 444 -621 727 41 726 -487 -975 63 -449 850 29 985 959 723 -399 -240 485 231 463 -470 -640 -452 -451 556 987 896 777 149 -562 -759 -19 -357 -39 663 625 0 -959 -540 -740 -308 322 -357 77 -437 -546 819 987 -431 -269 77 803 266 16 -294 717 819 -455 807 458 -949 545 605 -434 231 -319 763 583 798 574 308 -486 -112 280 956 -318 -2 0 256 -550 -68 382 72 -610 -222 -924 -320 592 648 372 138 516 938 -286 572 -858 714 -984 -690 0 -34 -308 652 -474 -404 -308 -760 -604 -472 826 656 860 -104 -756 960 28 -806 950 -660 28 -176 420 968 -886 176 300 -926 -754 354 26 786 -738 220 736 792 -22 448 -900 -262 428 902 826 -906 -902 -320 -38 408 38 -14 -600 -18 768 68 54 916 -486 -402 112 232 784 168 -982 -110 640 -2 -340 726 554 506 -364 -290 486 -502 936 -602 -892 834 350 -442 -990 -814 920 198 588 212 918 438 276 -962 26 -906 270 902 -734 -432 660 0 200 -952 -552 -734 48 78 82 412 4 -582 104 -416 -966 364 -868 750 318 -330 170 -560 -318 -252 -640 -184 84 316 -784 -672 -820 770 -520 880 154 780 826 212 44 312 -440 -42 -78 498 -574 46 -646 -8 384 398 -820 682 936 650 140 -784 -884 910 -198 832 984 704 -846 -220 -406 -896 -736 -140 780 376 -844 -742 44 126 630 674 -110 -256 -584 -800 226 -448 664 -400 178 924 436 958 -986 -806 -520 388 550 990 -882 208 862 264 -350 -938 -770 -812 -798 -242 -18 924 408 266 -54 -264 104 134 690 136
