9
10 2 12
321320 593495 758204 389639 388723 49152 146438 159949 868760 520432 116410 358316
10 12 4
518334 889860 995016 325693
10 3 27
808779 198209 150957 57300 482859 135526 338396 891122 485259 828737 326575 583951 526461 230768 889709 307560 775800 471593 3767 491947 425267 930670 424710 548454 286135 565135 898026
10 10 28
221794 745397 535166 610516 794548 197956 770465 663308 718387 886874 21623 74311 812449 697845 610957 472093 390882 993897 451152 966169 218416 914982 978252 710090 413498 396545 196780 237706
3 9 26
1 1 1 100 100 1 1 1 1 1 1 1 1 1 1 1 1 10 11 11 11 11 1 1 1 100
10 4 33
72629 111608 963683 954402 40395 401306 735759 732170 768299 468218 281096 891912 349734 973990 919102 98693 697725 904194 789406 781100 28681 581885 696208 716148 437322 410552 416411 123188 355465 140426 833221 944446 252033
10 12 54
383233 246637 929370 434751 857152 723918 632706 627616 903577 867444 30841 441551 941754 843289 139396 69063 831734 46629 579311 799237 12797 797726 714218 991048 24167 127716 903945 737299 881773 928788 437624 781358 175424 366993 216108 32575 607262 365165 176543 27190 748960 207383 468741 690714 567024 124488 276128 915109 171116 855438 714345 700264 169515 428562
3 2 6
8 2 5 2 4 9
10 4 16
159871 536647 143293 693037 866588 979059 58936 224520 947479 12083 975323 982165 901942 486691 824209 111947
