100
2 3
1 2
1 2
3 3
1 2
2 3
2 2
3 3
1 1
2 2
1 2
100 14
5 7
3 8
6 9
5 11
8 12
2 6
4 7
10 11
5 13
4 13
2 7
6 14
4 5
1 6
3 10
1 9
13 13
1 4
11 12
10 13
7 12
11 12
1 14
2 10
1 4
6 12
1 1
2 6
1 5
4 6
6 6
11 14
8 12
10 12
5 8
1 2
1 2
6 14
2 4
2 9
2 7
1 3
1 9
1 10
5 11
1 3
5 9
7 12
3 5
2 8
8 10
8 10
10 11
4 5
4 12
6 13
1 7
6 13
6 8
9 14
1 5
1 8
9 12
2 14
4 14
2 11
8 8
3 5
5 5
5 6
2 8
13 14
3 9
6 8
7 9
5 13
1 10
10 14
6 10
1 8
1 6
2 5
4 13
9 14
5 14
2 4
3 14
11 14
9 11
6 9
3 4
3 8
7 14
5 8
2 10
11 11
8 14
4 11
6 10
3 4
100 100
62 82
51 57
50 89
50 54
56 63
54 100
52 82
53 93
56 93
86 88
69 88
80 85
56 99
63 63
69 81
75 85
88 99
59 83
60 90
64 85
70 76
75 79
61 77
77 92
60 68
77 85
82 85
70 88
59 67
61 99
59 93
69 94
64 71
78 94
75 90
72 91
77 88
50 66
75 76
66 78
89 98
68 88
57 63
82 87
70 89
86 95
66 75
56 100
97 99
55 74
54 63
96 99
65 89
76 79
74 76
64 76
67 70
72 80
60 100
57 83
60 77
73 84
60 92
60 100
51 59
53 55
56 89
58 73
54 95
73 85
78 82
75 91
56 64
65 82
60 94
76 93
59 99
68 74
78 85
63 69
74 75
50 85
68 72
52 98
51 100
82 96
88 90
54 67
90 96
83 97
65 72
55 92
60 95
55 59
79 85
70 73
53 62
74 75
61 75
75 92
100 100
27 27
68 68
43 43
9 9
87 87
63 63
86 86
10 10
97 97
85 85
37 37
38 38
49 49
90 90
76 76
52 52
65 65
60 60
98 98
3 3
74 74
12 12
2 2
71 71
42 42
62 62
80 80
58 58
64 64
23 23
83 83
17 17
50 50
82 82
22 22
45 45
32 32
21 21
6 6
73 73
7 7
69 69
78 78
89 89
81 81
31 31
96 96
93 93
95 95
99 99
26 26
14 14
36 36
33 33
100 100
29 29
92 92
28 28
51 51
15 15
39 39
88 88
24 24
61 61
79 79
40 40
16 16
19 19
25 25
8 8
11 11
13 13
35 35
66 66
54 54
53 53
77 77
70 70
20 20
1 1
46 46
56 56
84 84
47 47
4 4
44 44
72 72
5 5
67 67
48 48
75 75
30 30
55 55
41 41
18 18
34 34
91 91
94 94
59 59
57 57
100 100
61 83
87 96
15 28
26 57
33 51
32 96
35 87
59 80
79 96
82 97
25 48
6 78
66 92
38 61
7 83
70 71
37 43
10 74
30 47
7 93
11 42
33 93
16 55
19 21
31 91
25 40
2 30
12 63
14 34
19 92
13 14
65 71
58 99
19 56
19 60
13 15
4 18
42 55
27 82
45 90
1 14
2 33
14 91
24 87
57 88
10 19
45 73
2 2
39 91
53 91
13 19
39 77
14 86
15 72
34 51
32 93
8 75
50 97
70 97
2 6
55 75
78 78
12 88
20 81
76 93
71 78
39 50
67 78
29 74
40 41
97 97
36 37
60 76
8 19
9 76
18 85
3 66
19 83
3 32
80 81
52 57
8 68
28 93
46 68
25 45
46 93
24 89
24 80
19 71
23 86
8 35
72 97
10 14
14 35
14 23
59 93
22 63
45 95
2 28
29 32
7 72
4 15
23 57
64 72
30 64
12 68
24 55
8 65
16 38
13 27
1 10
4 34
20 36
14 29
3 28
10 29
1 32
23 33
1 13
15 31
5 37
11 12
21 28
34 36
20 37
100 100
95 97
73 94
64 69
59 78
69 79
60 82
76 100
84 91
52 74
59 81
60 85
71 99
76 78
83 88
62 89
99 100
80 100
92 95
52 70
55 89
77 86
61 81
76 99
70 72
67 82
70 98
60 94
75 85
77 91
78 79
89 94
61 80
65 68
81 99
51 66
59 72
71 96
51 56
80 87
52 70
73 80
79 95
56 60
61 84
53 88
92 99
85 88
66 93
58 90
57 90
80 87
64 89
87 87
64 75
59 81
56 73
70 82
75 91
66 77
56 95
55 62
58 80
62 96
51 98
78 78
57 69
87 92
76 90
74 75
76 92
61 82
66 82
53 59
57 60
57 96
75 83
54 76
59 70
58 98
59 92
66 91
67 99
75 93
67 100
56 66
78 92
82 92
61 61
61 79
81 91
53 54
56 57
77 97
57 94
52 84
69 91
61 97
84 98
70 88
53 54
100 100
58 79
20 78
13 86
5 75
58 72
53 95
74 90
20 38
83 92
45 81
6 91
15 52
23 78
80 84
15 90
67 73
1 37
3 90
83 84
62 66
61 98
17 27
25 91
46 96
9 60
24 89
69 73
7 48
81 83
51 85
8 59
37 50
73 81
16 98
45 63
91 94
49 62
74 92
19 66
12 60
22 77
20 58
77 95
76 79
17 43
11 76
29 47
46 51
53 92
18 72
5 75
2 75
14 80
33 48
22 59
65 71
44 73
40 86
10 48
11 16
4 6
72 88
80 97
54 56
56 99
3 28
6 42
28 95
45 98
8 58
10 87
72 94
8 49
15 88
24 98
38 51
22 94
58 73
27 72
1 91
26 84
8 91
12 23
44 63
36 58
13 17
9 62
25 95
5 28
27 75
42 92
69 78
12 51
55 68
5 56
44 81
38 85
24 91
58 91
78 80
100 100
38 48
39 43
21 89
38 72
30 95
9 15
26 67
28 82
76 76
64 83
46 56
20 45
24 29
13 77
47 99
27 47
13 26
86 96
83 100
21 82
61 77
88 88
39 93
90 92
4 71
82 100
23 63
51 70
2 31
9 40
29 86
60 93
17 76
25 86
14 38
68 93
60 83
52 98
3 92
3 75
62 77
11 88
38 82
18 93
69 72
73 95
8 11
60 67
43 91
53 98
62 62
29 82
40 60
45 63
23 95
2 84
2 61
47 53
13 47
40 76
15 63
19 37
8 64
77 82
23 86
59 88
47 95
35 94
51 53
35 38
19 59
29 73
40 78
38 55
11 53
50 73
33 89
68 69
69 78
64 77
50 72
28 100
44 97
15 23
11 45
24 63
11 46
21 97
34 65
60 71
3 61
3 86
13 43
37 75
19 24
23 72
55 83
8 80
35 69
53 61
56 8
1 7
1 4
5 6
5 7
2 5
1 3
1 2
1 5
3 7
3 4
1 6
1 4
7 8
2 8
1 5
2 3
3 8
3 5
6 7
4 7
1 3
4 5
2 4
6 8
5 8
3 7
1 8
5 8
6 8
1 8
4 5
3 4
1 7
5 7
2 6
7 8
4 6
4 6
2 7
4 7
4 8
2 7
3 6
4 8
3 8
6 7
1 6
1 2
2 8
2 3
3 5
5 6
2 6
2 5
2 4
3 6
100 12
10 11
2 12
2 4
4 5
3 5
7 9
7 10
6 8
5 8
1 4
5 9
3 8
3 5
3 6
7 8
5 12
3 10
2 4
4 4
1 1
9 12
2 6
4 5
4 6
3 4
5 11
4 7
3 12
6 7
5 12
2 5
2 8
8 11
5 10
5 7
3 11
10 12
1 10
6 9
6 10
1 8
11 11
3 9
6 11
6 11
4 8
7 8
9 12
1 3
8 8
1 3
6 10
2 10
5 5
2 5
6 8
1 7
4 7
7 9
4 9
8 10
7 10
4 11
6 6
2 12
4 6
1 12
2 7
6 7
2 9
12 12
7 11
1 12
4 11
2 10
2 8
2 3
3 7
9 10
3 7
10 11
5 10
5 7
3 4
7 12
10 10
1 6
4 10
5 8
3 8
3 10
4 9
2 6
1 10
7 12
3 6
9 10
2 11
5 6
2 7
92 29
8 25
5 17
6 25
15 27
11 13
1 3
2 3
2 10
15 15
21 27
10 16
3 15
7 21
21 24
5 20
11 11
17 23
2 3
3 8
7 10
4 21
5 27
12 23
14 28
6 17
2 6
15 28
14 29
1 23
22 29
8 26
20 24
15 26
5 29
24 29
5 21
22 26
7 8
10 23
15 18
10 25
8 21
15 19
12 20
18 26
8 9
10 28
8 19
8 17
9 20
17 25
1 26
1 23
19 23
20 21
6 10
10 28
3 12
18 27
8 26
2 29
1 15
20 21
2 23
25 28
4 9
17 23
2 5
5 12
5 17
22 24
7 25
7 15
16 25
9 14
8 27
22 29
19 26
6 27
5 25
26 29
2 16
15 17
14 15
8 27
2 20
11 14
15 17
4 7
14 15
18 19
7 14
5 7
3 4
4 5
1 6
2 7
3 7
3 2
1 2
1 2
1 1
100 100
8 57
43 97
53 66
4 38
54 76
74 85
19 38
59 98
4 15
8 84
1 72
67 94
1 36
33 68
29 46
41 60
50 83
21 75
20 69
11 92
10 71
52 74
11 87
13 93
42 78
25 55
86 89
1 35
51 74
48 81
34 95
2 37
70 97
52 87
6 61
13 30
65 71
21 78
14 64
4 92
17 88
39 50
9 91
29 44
57 99
33 73
34 63
78 80
2 40
35 39
70 75
31 64
89 97
2 89
73 82
59 60
29 76
17 52
2 57
31 88
2 83
1 39
53 75
71 80
40 47
45 69
1 63
30 77
2 58
32 39
17 32
14 85
8 69
54 55
4 71
10 58
40 76
19 31
19 43
1 77
30 44
7 61
3 48
15 67
8 39
59 95
90 98
8 86
31 58
21 66
8 34
63 88
31 99
21 23
54 80
8 57
56 91
6 83
23 44
33 69
100 100
72 86
37 49
9 54
29 92
15 44
15 98
6 66
68 92
84 87
52 98
9 41
46 99
38 86
21 57
48 54
72 86
11 46
14 46
19 46
18 47
19 46
29 92
48 54
48 70
15 94
42 78
22 37
14 47
14 54
54 96
84 87
18 80
70 93
6 66
15 44
58 83
68 92
27 75
18 47
25 51
46 99
57 79
18 80
52 55
52 98
55 57
83 86
20 49
25 51
54 96
45 53
38 86
9 54
11 46
21 57
10 41
6 20
1 2
70 93
55 57
15 98
22 41
22 37
15 94
57 79
6 20
45 53
53 80
42 78
48 70
14 54
37 49
10 41
52 55
6 82
54 76
1 2
9 41
14 46
74 94
4 7
6 82
4 7
54 76
15 19
31 64
20 49
34 98
31 64
53 80
14 47
15 19
27 75
58 83
34 98
83 86
14 77
74 94
14 77
22 41
100 100
7 42
4 77
88 92
5 82
49 61
26 41
17 66
30 65
62 94
24 33
64 77
71 97
17 59
30 65
62 94
10 28
23 72
49 61
30 55
35 99
47 50
21 39
5 29
33 91
10 28
24 33
23 72
49 59
4 52
6 37
65 80
59 63
69 94
5 24
48 64
8 43
65 80
43 73
40 86
7 76
56 97
36 69
54 88
4 77
19 96
7 15
68 73
17 66
28 93
7 15
28 93
6 37
43 73
16 32
51 55
56 97
45 56
34 68
48 64
5 83
5 83
57 80
59 63
33 91
45 56
35 99
30 55
17 59
7 76
89 92
67 80
8 43
67 80
21 39
65 96
34 68
5 24
19 96
40 86
64 77
88 92
16 87
51 55
89 92
49 59
5 82
4 52
54 88
71 97
26 41
57 80
68 73
16 32
65 96
69 94
36 69
7 42
5 29
47 50
16 87
100 13
3 10
3 7
1 2
4 7
2 10
1 12
2 3
11 12
8 12
3 12
4 11
2 12
3 9
6 10
6 11
3 4
10 12
6 13
7 9
7 10
11 13
6 10
5 8
6 12
8 12
5 10
7 11
9 12
2 10
10 10
5 12
4 9
1 5
2 3
6 8
4 11
1 12
4 9
5 12
3 9
5 9
5 10
5 6
2 6
4 10
4 6
1 8
3 13
11 12
2 5
6 11
7 9
3 13
2 13
7 13
2 5
2 9
1 11
6 8
9 10
2 4
2 13
10 11
9 11
1 6
1 2
3 10
4 5
1 10
3 8
4 10
2 8
6 13
6 9
4 6
6 7
12 13
5 6
9 9
1 13
5 13
2 8
5 8
5 13
1 3
10 13
5 11
4 4
9 13
2 4
6 12
7 11
9 11
11 13
6 9
6 7
13 13
5 11
1 4
4 12
90 10
3 7
2 4
1 10
2 6
9 10
1 9
8 10
4 8
3 10
2 7
4 5
1 5
3 6
1 6
2 8
2 3
3 7
2 10
1 4
3 8
8 9
4 7
5 8
7 8
1 10
5 6
4 7
6 7
6 10
2 5
2 10
5 9
5 10
3 4
6 9
1 2
3 10
2 5
1 7
1 3
7 8
4 8
2 4
3 9
3 5
7 9
7 9
1 7
4 5
7 10
3 5
3 4
2 9
1 3
5 7
3 8
3 9
6 10
1 8
4 6
2 8
1 9
2 6
1 2
1 5
6 7
5 9
5 10
9 10
2 3
4 6
5 7
8 10
4 9
8 9
1 4
4 10
5 6
6 8
3 6
1 6
2 9
6 9
5 8
4 9
4 10
6 8
1 8
7 10
2 7
100 100
27 52
30 100
46 91
16 33
3 100
30 53
27 68
60 87
70 87
18 74
61 89
35 98
45 56
21 49
75 79
77 88
86 97
16 74
9 39
59 75
24 94
45 97
11 46
82 86
6 34
61 71
12 40
9 80
51 74
15 29
15 46
39 78
38 67
24 72
5 53
11 23
44 68
40 71
25 92
53 63
9 49
36 43
7 42
37 67
4 65
16 59
24 71
15 80
80 96
61 84
58 98
32 49
39 58
58 87
12 52
86 90
49 92
21 33
29 53
20 94
26 66
3 3
14 80
28 34
47 51
3 86
66 98
15 84
77 86
23 74
39 57
93 97
44 56
88 89
7 11
32 33
36 100
17 86
5 22
3 98
6 37
76 89
15 40
65 99
57 57
41 75
25 100
12 53
19 50
46 76
56 66
53 67
66 84
11 43
34 74
1 62
17 94
24 63
82 95
25 98
100 100
6 41
84 96
45 83
65 66
17 93
58 94
28 36
2 35
17 93
39 71
36 37
65 66
75 88
76 86
48 71
22 49
48 93
43 69
68 96
44 59
26 46
63 95
7 94
27 42
32 53
21 98
7 78
15 96
54 58
16 65
14 38
79 81
39 71
40 63
23 92
64 97
40 42
51 88
28 36
84 96
86 92
28 98
2 35
22 88
63 85
75 88
11 51
18 70
15 30
49 98
15 96
15 30
55 57
24 94
44 59
21 98
68 85
7 78
9 75
34 64
63 85
14 38
11 51
36 37
32 53
7 94
51 88
43 69
30 87
18 70
22 88
55 57
6 41
28 98
86 92
58 94
26 46
68 96
40 63
48 71
24 94
68 85
34 64
23 92
63 95
30 87
48 93
40 42
22 49
27 95
54 58
49 98
79 81
27 95
64 97
27 42
16 65
76 86
9 75
45 83
57 27
20 22
7 12
4 16
14 23
21 27
3 8
6 10
12 25
18 23
1 8
9 25
2 10
4 26
10 16
14 27
9 15
8 13
16 18
14 27
9 27
3 7
7 20
3 18
3 14
9 17
11 14
4 17
19 22
1 2
20 22
4 14
6 7
11 20
18 26
3 5
13 13
17 26
12 24
10 14
2 13
14 22
8 13
6 13
14 21
13 14
7 25
7 7
17 20
1 6
3 4
11 18
7 24
25 26
20 21
8 11
6 25
13 15
2 2
2 2
1 1
30 77
30 48
21 46
7 30
43 75
10 28
30 34
34 53
31 56
10 30
7 75
48 75
14 33
15 74
5 67
9 73
25 27
6 53
35 59
39 61
41 51
39 40
36 36
5 71
14 58
56 72
13 75
27 48
10 62
5 45
12 22
100 100
57 72
47 85
2 50
40 53
6 17
34 56
46 69
12 50
3 7
18 67
14 62
6 64
55 94
8 65
46 70
36 44
1 80
50 95
22 39
87 96
44 77
3 15
21 37
14 45
4 59
67 100
78 83
38 77
66 74
15 28
42 94
73 89
15 99
23 90
82 84
13 63
4 45
4 28
85 92
16 31
30 63
20 41
25 61
71 95
46 96
18 86
78 98
25 39
6 94
48 91
33 42
31 89
9 19
33 37
4 30
89 99
21 27
38 70
19 20
34 83
31 74
1 49
8 97
42 59
25 72
15 26
59 97
45 51
6 86
23 25
9 17
22 59
26 83
68 89
2 93
34 91
28 70
20 51
75 94
56 100
1 96
9 53
3 100
6 24
5 89
92 97
21 59
10 69
32 35
63 98
3 9
12 43
46 69
38 66
15 66
5 16
91 97
47 86
34 46
1 91
100 100
29 48
31 49
30 52
30 53
29 46
30 47
26 49
25 46
32 54
23 49
24 47
28 53
32 47
32 52
24 52
25 50
24 50
31 52
32 49
23 45
23 50
26 54
26 46
28 46
28 49
31 50
28 51
23 48
24 45
31 51
32 46
26 48
30 50
23 47
24 54
28 48
23 53
24 51
25 48
27 45
30 49
23 46
24 53
25 49
25 54
32 48
29 47
31 47
29 50
28 50
29 52
32 51
26 45
27 49
23 54
30 51
32 50
29 53
27 47
28 45
25 45
23 51
26 52
29 54
25 53
31 46
27 53
29 49
30 46
27 48
32 45
31 45
31 53
27 46
27 52
24 48
27 51
28 54
30 45
26 51
31 48
25 47
25 52
26 53
28 47
29 45
26 50
23 52
29 51
27 54
25 51
31 54
28 52
30 48
24 49
30 54
24 46
27 50
26 47
32 53
29 41
27 41
13 28
1 40
31 35
6 14
22 33
19 33
12 35
34 40
27 39
11 28
6 28
3 41
22 25
8 15
12 34
5 26
2 33
16 37
5 27
25 38
23 39
11 15
25 37
10 38
5 6
20 23
21 28
19 38
4 100
1 91
1 92
2 91
2 92
100 100
46 47
1 97
75 99
5 74
32 57
59 75
66 91
14 17
26 46
34 75
43 63
56 63
45 69
2 33
1 44
85 97
38 38
6 12
5 25
6 72
23 68
55 85
50 54
47 84
77 94
77 84
50 85
45 47
18 28
1 4
46 68
36 62
35 96
44 63
18 81
54 74
75 88
49 86
6 48
79 100
5 52
27 76
2 81
67 97
4 37
46 95
56 91
77 87
90 99
10 66
33 83
19 69
9 41
8 42
12 42
36 49
30 43
12 20
18 84
1 54
37 99
8 40
32 100
9 54
50 83
66 88
8 18
91 93
30 31
9 55
11 43
30 83
28 31
31 34
64 77
15 54
39 61
7 99
76 81
7 93
39 83
81 93
40 82
7 99
37 66
4 70
1 40
9 57
38 49
44 74
33 100
22 55
63 80
16 39
53 81
46 61
37 39
34 49
27 36
23 91
93 68
58 66
42 59
13 66
11 50
25 43
19 25
21 28
31 65
2 32
4 45
4 19
53 68
8 45
45 59
18 68
20 66
16 27
18 48
43 66
10 53
33 50
42 63
2 17
41 53
47 52
3 16
15 65
7 42
34 65
45 68
59 68
23 64
21 47
48 57
2 4
10 14
6 67
19 64
15 48
26 58
10 29
18 58
14 43
20 47
20 23
33 42
24 34
44 48
16 20
15 63
50 61
8 51
9 16
21 52
7 63
64 68
55 61
5 47
31 44
28 34
23 68
24 63
35 42
6 38
26 36
36 44
18 32
43 63
26 52
27 45
37 50
4 66
11 44
7 28
13 59
9 12
19 58
35 43
1 58
25 49
10 25
45 59
23 32
24 64
33 44
13 45
28 44
13 54
12 23
5 61
27 46
4 51
56 62
31 6
1 1
3 5
4 6
2 6
1 4
2 4
4 6
2 5
3 5
3 4
4 5
2 4
4 5
1 6
1 3
5 6
2 5
3 6
3 4
1 6
1 4
2 6
2 3
2 2
1 5
1 2
3 3
6 6
3 6
4 4
5 5
100 100
2 82
2 32
1 11
1 45
2 6
1 3
1 53
1 9
1 49
1 17
2 58
2 86
1 89
2 60
2 88
1 21
2 78
1 97
2 98
2 50
2 28
2 66
1 25
1 95
1 77
1 69
2 40
1 19
1 63
2 30
2 38
2 52
1 13
2 2
2 90
2 54
2 92
1 67
2 80
1 37
1 43
2 100
1 41
2 36
1 59
2 64
1 81
1 29
2 56
2 12
1 5
1 23
2 62
2 72
1 71
2 22
1 65
2 68
1 83
1 47
1 99
2 96
1 33
1 39
1 51
2 84
1 55
1 75
1 79
2 46
2 20
2 26
2 24
2 8
2 16
2 70
1 91
2 4
1 7
1 27
1 15
2 48
1 87
1 73
2 14
2 94
2 42
1 1
1 85
1 61
2 44
1 31
2 10
1 93
1 35
2 76
2 74
2 34
2 18
1 57
17 26
6 10
2 12
17 19
3 16
10 24
22 23
11 16
1 9
11 12
3 3
6 16
14 22
9 11
1 25
3 6
8 10
2 21
3 3
3 3
2 3
2 2
100 100
22 66
5 68
30 44
17 72
25 66
10 62
45 82
36 56
4 22
9 27
22 44
31 78
14 47
44 59
22 96
44 94
51 78
32 75
57 92
34 49
50 81
19 50
1 75
13 17
40 62
26 68
34 46
13 48
54 78
70 78
15 97
74 96
60 63
48 55
41 56
42 91
14 15
11 22
34 96
17 21
11 55
1 71
27 82
25 36
74 91
42 91
46 49
64 88
7 63
11 19
40 51
37 91
14 39
68 81
1 80
32 96
73 99
42 94
15 57
9 34
3 58
77 91
39 73
2 11
83 89
25 85
11 100
4 74
1 41
1 52
6 10
35 70
80 97
19 35
39 79
18 41
9 32
33 76
44 54
12 52
71 83
85 91
66 67
17 86
88 99
23 90
74 94
18 65
8 42
26 96
63 73
16 65
25 68
12 37
70 87
5 77
65 91
31 46
59 70
34 76
100 100
61 89
24 53
21 94
49 55
39 68
62 76
16 72
58 59
1 9
48 92
24 68
30 94
16 24
64 93
35 53
7 21
31 31
10 56
65 66
66 66
71 89
5 86
76 85
50 65
51 98
51 96
40 61
70 92
29 88
24 82
65 99
19 41
63 93
27 52
36 39
6 95
33 67
62 100
31 50
47 88
59 90
40 79
54 95
31 89
63 90
56 58
17 38
47 74
32 89
80 89
41 67
38 62
14 31
25 64
39 50
4 61
20 86
64 81
29 67
28 99
6 12
24 77
47 66
19 29
32 42
42 98
12 24
13 82
4 88
21 51
38 39
46 77
43 73
28 43
29 67
9 79
44 52
87 89
43 88
9 62
13 52
26 57
2 24
31 80
24 54
63 91
43 88
12 13
4 88
32 65
21 71
2 67
19 71
1 73
12 42
3 9
64 96
12 27
33 60
3 4
100 100
36 79
15 40
16 59
8 29
1 81
4 52
35 67
29 55
22 46
1 81
7 42
13 36
29 55
27 81
43 84
23 64
67 81
34 69
30 48
23 53
25 26
24 79
7 42
1 67
36 79
2 76
4 52
43 84
33 54
34 78
4 50
43 99
9 92
39 78
15 46
34 47
48 97
20 75
21 92
35 67
58 78
8 29
1 67
40 54
12 73
48 97
35 63
34 78
4 71
4 71
76 96
43 99
15 46
16 59
58 78
2 11
2 76
69 72
56 80
23 53
9 92
92 94
33 54
24 79
30 48
10 81
25 26
27 81
20 58
58 98
33 70
41 88
4 50
34 69
10 61
56 80
67 81
15 40
2 11
92 94
21 92
40 54
12 73
59 87
23 64
20 58
39 78
20 75
58 98
59 87
33 70
41 88
13 36
76 96
34 47
22 46
69 72
10 81
10 61
35 63
100 100
68 87
1 43
99 100
46 58
24 87
38 55
57 66
94 94
50 62
42 50
39 67
12 23
7 73
29 99
21 45
73 93
23 40
33 73
8 57
36 59
25 96
60 86
1 38
6 35
27 94
14 70
42 72
91 98
3 58
7 80
2 22
3 71
50 85
23 55
23 82
15 89
1 53
27 44
20 34
18 66
28 80
25 36
3 13
60 81
12 71
23 56
24 71
2 50
12 22
13 70
30 36
71 94
95 98
51 62
42 78
29 85
17 68
50 85
26 69
24 59
52 66
20 49
26 92
3 6
68 71
77 79
11 34
90 94
8 91
17 50
16 65
8 11
20 99
8 59
5 28
40 78
35 82
34 98
24 63
34 35
11 42
34 92
24 71
67 86
75 91
61 73
32 88
33 76
14 25
43 59
71 73
85 88
33 35
31 81
41 98
22 32
24 57
16 53
12 85
36 90
100 100
25 91
21 23
32 60
14 50
13 35
4 96
42 55
27 81
21 32
37 71
25 86
16 55
41 45
37 77
25 46
55 59
45 50
25 37
25 37
61 67
32 60
59 79
3 46
27 98
6 24
37 71
52 79
89 92
52 79
27 98
32 63
25 86
31 56
13 68
2 51
65 97
41 84
27 81
13 35
37 61
7 22
45 50
29 89
59 79
22 95
91 98
16 29
16 29
37 77
5 32
2 51
89 92
4 96
32 63
31 56
99 100
22 46
77 87
7 22
76 95
22 46
21 23
10 36
22 95
72 80
55 59
14 50
9 20
16 63
25 91
42 55
25 46
72 80
32 86
6 24
16 63
3 46
77 87
74 79
37 61
9 20
61 67
41 84
76 95
16 55
21 32
49 80
99 100
63 91
13 68
74 79
65 97
32 86
49 80
10 36
91 98
41 45
29 89
63 91
5 32
100 100
49 95
68 98
43 68
63 86
21 77
73 83
1 15
77 100
41 76
46 94
21 88
75 82
54 58
74 99
43 83
43 57
20 46
59 67
64 93
45 64
22 40
38 40
79 98
19 51
61 88
32 91
63 67
21 94
10 11
7 15
9 56
71 98
29 48
34 94
12 83
19 19
21 56
76 81
28 58
2 82
71 90
8 89
34 70
43 63
31 76
7 56
69 80
65 67
1 34
6 78
92 99
68 92
43 71
31 99
3 16
11 92
8 42
41 94
29 77
29 51
10 45
47 81
7 82
12 41
6 27
78 86
58 82
25 27
14 60
44 49
62 78
42 83
12 85
51 53
61 63
2 3
26 76
36 47
26 56
27 72
18 84
11 33
10 92
16 24
86 100
70 87
66 70
47 97
6 56
45 89
17 57
40 55
13 68
30 50
26 47
14 47
1 48
2 9
41 41
55 71
100 10
2 4
3 8
10 10
1 9
1 5
5 7
1 5
8 10
5 6
8 9
4 6
1 6
4 9
2 9
8 9
3 10
2 3
4 4
7 8
2 10
1 1
2 8
3 3
4 5
1 9
3 10
3 4
5 9
7 7
5 7
7 10
4 10
3 7
3 6
3 9
1 7
2 9
1 2
5 8
3 5
4 6
6 8
2 7
6 9
3 7
7 9
2 6
6 7
3 5
6 6
4 7
6 10
3 6
3 8
8 8
5 8
7 10
6 9
5 9
4 9
1 4
1 4
2 5
2 5
7 9
5 10
4 7
4 5
1 3
9 9
6 10
3 9
9 10
7 8
2 8
5 10
4 10
1 10
1 2
5 6
6 8
9 10
2 4
8 10
2 6
1 8
3 4
2 2
2 7
1 8
1 6
5 5
6 7
1 3
4 8
2 10
2 3
1 7
4 8
1 10
2 2
1 2
1 2
3 26
3 7
3 16
4 18
64 100
38 44
35 46
36 47
37 46
33 42
32 44
39 47
36 45
33 47
33 44
37 42
34 47
32 47
32 45
35 47
37 44
38 43
39 42
39 49
34 48
38 45
34 45
36 42
37 48
37 45
34 43
37 47
32 48
33 43
33 46
33 45
36 43
38 48
32 43
35 48
35 42
34 49
39 43
35 45
38 47
32 42
38 46
38 49
37 43
35 43
38 42
34 46
35 49
36 46
39 45
35 44
39 48
36 49
36 44
39 46
34 44
34 42
33 49
39 44
32 46
32 49
36 48
37 49
33 48
34 44
13 28
39 43
2 14
2 19
8 43
6 17
10 32
21 22
39 43
23 25
8 13
7 17
16 41
8 20
38 41
4 12
13 36
9 25
19 25
6 19
26 27
10 29
31 43
6 27
4 44
1 3
14 40
27 36
6 31
35 44
5 11
29 30
16 38
28 40
100 100
12 13
22 23
15 16
95 96
54 55
70 71
64 65
26 27
41 42
74 75
37 38
23 24
11 12
53 54
81 82
62 63
33 34
32 33
66 67
61 62
69 70
31 32
92 93
98 99
6 7
68 69
86 87
57 58
94 95
80 81
55 56
63 64
90 91
9 10
21 22
3 4
76 77
16 17
84 85
99 100
13 14
73 74
47 48
38 39
56 57
4 5
85 86
19 20
8 9
51 52
91 92
50 51
34 35
79 80
77 78
18 19
44 45
27 28
82 83
28 29
5 6
59 60
97 98
88 89
45 46
72 73
52 53
30 31
96 97
35 36
14 15
75 76
17 18
67 68
46 47
93 94
29 30
65 66
1 100
7 8
24 25
10 11
89 90
43 44
83 84
25 26
87 88
36 37
39 40
1 2
60 61
20 21
48 49
40 41
2 3
78 79
42 43
49 50
58 59
71 72
100 100
12 28
9 95
12 86
13 69
55 98
70 73
35 60
45 49
21 68
34 58
63 87
11 44
27 56
7 53
36 69
33 90
58 69
92 95
30 48
68 94
29 43
86 97
1 68
44 60
27 98
47 85
27 69
33 60
59 98
7 68
51 65
25 34
51 69
4 32
9 51
78 94
5 69
28 35
10 67
86 95
76 83
8 100
65 77
39 89
45 81
60 65
29 51
50 69
73 95
51 75
10 15
60 77
5 62
4 98
49 83
31 85
78 87
7 84
24 27
84 93
65 89
4 71
49 81
12 60
18 29
15 57
2 89
9 56
76 79
28 88
49 86
32 79
31 69
49 82
21 65
37 94
35 99
55 90
15 48
53 53
12 62
32 75
68 84
44 99
3 63
1 26
53 67
22 46
3 91
59 62
10 41
45 90
10 11
23 23
33 56
3 100
45 57
7 70
32 92
33 63
100 100
69 99
56 74
1 49
28 51
69 98
21 73
30 63
10 63
5 99
37 61
49 90
2 29
62 87
78 82
48 82
74 100
83 87
10 93
21 43
47 99
23 58
65 70
3 61
38 100
27 29
35 60
61 65
28 75
21 38
32 82
19 30
47 92
7 28
13 49
7 83
90 94
32 32
46 84
3 86
29 72
31 96
45 73
53 89
60 82
1 85
19 51
17 82
35 45
12 18
40 43
9 71
23 93
12 30
1 68
11 64
62 85
49 72
52 77
40 84
21 60
35 63
6 47
6 58
36 46
22 84
52 54
16 27
4 19
30 32
48 82
5 22
9 100
5 97
81 93
54 70
30 90
35 89
11 65
40 90
16 80
3 90
80 81
39 84
41 94
35 42
21 57
21 45
8 63
4 10
42 96
29 61
38 95
25 73
18 92
75 78
51 65
20 22
29 33
1 59
36 67
67 13
3 6
6 12
1 8
3 9
1 3
3 9
2 13
3 10
8 11
3 11
6 11
6 8
4 12
9 11
2 4
4 13
6 7
4 10
4 7
4 12
8 9
2 8
3 10
3 6
2 10
1 5
5 5
2 13
9 12
2 9
2 3
6 6
1 11
3 7
6 10
2 6
5 10
3 13
8 11
6 9
6 8
4 7
9 12
13 13
11 13
10 10
3 11
6 12
1 9
9 13
1 2
3 8
3 13
3 8
1 8
5 13
9 11
4 10
1 5
11 11
4 5
2 6
5 13
1 11
3 12
10 12
4 4
30 6
3 5
2 6
3 4
2 3
3 6
2 3
1 3
1 2
2 5
2 4
1 3
2 5
1 6
4 5
3 5
1 4
1 5
2 6
4 6
1 4
3 4
1 6
1 2
2 4
5 6
5 6
4 5
4 6
1 5
3 6
33 37
7 7
9 34
21 31
3 5
10 29
20 35
1 27
9 28
1 7
3 18
6 31
1 19
4 25
3 9
11 16
16 23
18 19
12 33
19 28
14 15
9 23
17 36
12 28
9 29
13 26
12 35
6 28
3 11
4 19
30 33
4 24
22 26
15 25
74 53
23 41
12 33
40 52
52 53
5 50
28 47
8 34
33 51
19 37
33 46
5 15
12 14
12 31
1 47
29 48
8 39
24 35
10 23
1 29
6 26
6 20
1 21
36 36
11 29
36 42
2 8
22 48
22 52
22 43
39 48
5 17
37 52
18 51
8 46
5 24
30 32
40 40
13 51
7 18
31 52
5 33
19 33
29 52
35 45
13 44
2 37
32 52
5 53
15 31
37 43
21 35
10 18
16 22
32 52
6 19
9 31
32 46
4 12
16 32
26 39
12 51
21 29
6 6
5 51
16 19
11 26
7 31
3 39
43 43
52 53
25 27
2 20
11 27
18 50
100 17
7 16
11 14
9 16
4 9
9 10
4 8
8 17
2 13
12 13
1 13
3 9
1 17
1 2
3 10
3 5
4 9
12 14
2 14
10 15
2 5
3 15
2 4
3 10
7 8
1 9
1 5
6 9
14 15
7 16
10 17
9 14
2 13
1 4
2 15
7 13
3 7
5 12
3 16
12 13
8 13
3 4
6 13
2 5
5 9
4 5
8 15
3 5
4 13
13 15
7 9
7 11
7 15
5 12
4 16
11 14
4 12
9 12
8 17
6 7
1 11
5 8
5 10
2 8
9 10
2 6
2 14
1 3
2 12
5 14
2 15
2 17
13 15
1 6
7 9
2 7
9 13
3 6
3 11
14 15
8 10
1 6
6 10
8 11
10 11
4 6
1 17
11 13
6 9
1 12
11 16
1 16
9 11
2 3
2 8
5 15
7 8
1 3
3 13
4 11
2 3
100 100
48 77
50 58
8 29
11 33
56 96
12 34
11 40
84 96
13 44
9 46
36 54
13 44
44 59
85 94
9 11
63 77
19 54
58 100
68 72
36 51
55 66
22 67
25 100
24 85
41 56
12 62
46 83
58 100
12 33
36 54
58 84
36 51
4 40
85 94
9 46
41 56
3 51
19 24
24 85
26 32
32 99
5 39
19 24
34 99
1 36
11 40
26 32
58 84
81 97
84 96
55 66
8 29
12 33
22 67
12 34
44 59
23 70
32 99
19 54
21 92
11 33
8 68
63 77
16 91
25 100
81 97
4 40
25 47
43 80
21 92
1 36
50 58
68 69
71 98
48 77
12 46
12 46
23 70
16 91
26 96
14 44
8 68
68 72
26 96
5 39
13 88
12 62
43 80
71 98
34 99
9 11
68 69
52 65
25 47
46 83
13 88
3 51
52 65
14 44
56 96
36 100
26 53
25 54
25 55
22 55
27 55
25 50
22 52
23 55
24 50
24 52
25 52
26 50
26 51
26 55
25 53
26 52
23 53
22 53
23 54
25 51
24 53
23 51
23 50
24 54
23 52
22 50
27 51
22 54
27 50
26 54
24 51
24 55
22 51
27 53
27 52
27 54
64 8
1 3
5 5
4 8
1 7
3 5
7 7
5 7
3 5
3 7
6 6
2 6
2 2
1 6
7 8
8 8
1 5
5 6
6 7
5 6
1 4
1 3
4 5
1 1
2 3
2 6
3 6
5 7
5 8
1 7
6 7
6 8
1 4
4 7
2 7
1 8
1 5
2 7
5 8
4 6
3 6
1 8
4 8
4 5
2 3
1 6
3 4
2 4
3 4
1 2
7 8
2 4
3 8
4 4
3 8
4 7
2 5
2 5
6 8
2 8
4 6
2 8
3 7
1 2
3 3
100 19
8 13
4 8
4 8
3 9
1 11
11 15
9 10
13 14
11 19
8 10
4 17
8 8
12 14
8 17
3 11
2 5
12 19
7 18
7 15
8 11
1 7
5 6
5 7
14 16
9 16
5 12
7 13
13 15
9 18
9 13
5 11
15 16
1 9
5 10
15 15
9 11
7 16
7 12
3 10
2 16
6 9
3 5
2 14
2 17
2 6
11 17
1 14
5 12
14 15
5 15
14 18
5 11
3 16
4 5
3 11
13 17
9 18
5 9
3 9
14 16
5 9
8 18
9 12
5 16
2 7
10 12
5 14
8 9
9 14
10 10
1 10
7 10
1 2
8 13
15 19
6 15
3 4
5 13
8 19
12 18
5 16
2 8
1 7
3 14
3 13
4 11
3 18
2 10
11 13
14 18
1 3
3 13
9 17
12 12
2 3
12 15
13 14
6 15
3 6
6 12
60 15
10 12
13 14
1 9
10 15
11 14
7 11
7 13
3 11
9 10
4 11
10 10
3 14
6 9
3 14
2 6
1 10
5 9
5 12
12 15
5 7
8 14
9 14
3 4
11 13
5 13
7 9
10 11
2 8
7 10
1 13
2 4
13 15
1 8
8 13
1 7
3 11
2 15
1 2
10 13
7 7
9 9
3 8
8 11
9 11
6 13
2 9
2 6
8 11
6 11
10 12
15 15
6 8
2 9
1 11
9 14
10 11
2 4
4 15
5 13
5 7
100 100
40 61
46 55
45 56
1 100
24 77
8 93
2 99
3 98
5 96
36 65
33 68
13 88
42 59
23 78
12 89
11 90
9 92
38 63
47 54
15 86
17 84
20 81
28 73
31 70
7 94
32 69
39 62
42 59
23 78
35 66
37 64
6 95
4 97
27 74
25 76
4 97
22 79
22 79
11 90
50 51
33 68
26 75
5 96
30 71
34 67
49 52
44 57
25 76
38 63
34 67
20 81
49 52
2 99
50 51
41 60
10 91
31 70
6 95
12 89
32 69
30 71
35 66
40 61
8 93
48 53
18 83
7 94
37 64
28 73
46 55
41 60
43 58
14 87
16 85
14 87
13 88
15 86
1 100
24 77
10 91
3 98
39 62
45 56
21 80
29 72
44 57
21 80
36 65
26 75
9 92
18 83
43 58
48 53
47 54
19 82
29 72
17 84
27 74
19 82
16 85
57 29
6 9
6 20
4 24
14 15
18 28
5 19
7 26
8 10
3 8
11 20
23 24
1 26
6 13
15 22
14 18
10 14
9 12
1 11
10 20
5 12
3 12
22 29
6 19
15 15
17 20
5 8
7 14
11 14
1 16
14 15
1 9
7 19
3 3
3 20
1 19
7 28
3 29
9 23
6 17
20 20
5 16
6 25
21 28
6 9
5 22
4 23
12 28
22 27
12 16
2 14
15 25
7 29
14 20
3 15
1 20
9 26
7 27
100 100
29 96
35 89
54 80
60 89
19 99
5 86
42 61
7 66
19 93
25 61
28 100
47 85
1 22
9 65
29 96
10 48
41 93
13 21
15 42
52 58
26 27
18 57
30 95
1 64
15 42
36 91
13 21
23 37
1 22
10 58
89 97
44 86
20 47
88 94
39 43
92 94
18 97
54 80
5 86
57 60
12 32
29 71
53 87
20 28
13 39
92 94
47 85
26 27
52 54
42 61
52 58
23 37
81 93
20 28
41 93
32 54
93 99
53 61
53 87
10 70
1 18
36 91
52 54
57 60
10 70
81 93
60 77
7 66
66 74
13 39
28 100
25 61
22 90
18 57
22 90
35 89
19 93
12 32
66 74
89 97
29 71
10 48
88 94
39 43
10 58
93 99
1 18
32 54
44 86
60 89
60 77
9 35
20 47
1 64
9 35
53 61
9 65
18 97
30 95
19 99
100 20
6 14
6 16
6 11
15 19
7 18
2 20
10 17
8 12
9 9
16 19
15 19
1 1
8 13
7 10
10 12
11 15
3 19
16 18
1 5
8 17
4 9
2 19
7 18
5 11
16 17
1 4
16 19
2 18
4 16
5 16
13 18
13 15
2 9
5 12
2 8
2 7
2 14
10 11
2 3
6 17
10 16
10 12
5 11
19 19
3 11
6 19
1 12
7 12
7 9
2 11
3 10
11 13
7 17
6 12
2 12
3 18
11 16
16 18
14 17
2 7
14 14
5 16
5 14
15 18
7 11
11 18
4 7
5 8
6 12
13 20
10 15
9 17
12 15
3 11
6 16
10 19
14 20
3 12
12 20
1 17
9 10
7 16
4 17
11 20
8 17
3 16
6 19
1 12
4 5
8 20
12 18
8 19
1 4
2 19
4 12
8 9
8 9
17 20
1 2
3 8
100 100
60 75
29 62
78 85
45 96
15 96
18 50
26 98
5 25
74 89
49 92
1 88
29 62
7 16
73 93
18 22
2 43
13 20
10 34
45 54
42 43
47 100
83 99
22 80
17 82
47 83
47 57
27 86
61 71
12 18
16 55
91 93
31 72
90 92
7 73
65 79
45 54
38 74
89 95
37 74
34 42
54 99
16 54
54 80
16 54
73 83
14 54
65 69
44 64
15 31
54 85
45 70
43 46
74 79
3 69
75 80
17 93
55 77
68 79
7 70
47 76
39 51
45 98
30 59
15 83
12 31
16 33
41 66
29 38
46 66
62 98
30 84
56 63
17 23
49 67
49 99
35 84
15 94
24 29
39 60
21 100
70 79
67 84
1 46
11 99
38 91
43 72
30 55
41 76
6 97
58 76
19 94
74 95
15 43
75 96
43 87
11 36
13 66
2 52
44 72
2 38
12 4
1 3
1 4
2 3
1 4
1 3
3 4
1 2
2 3
2 4
1 2
2 4
3 4
100 11
5 11
5 10
1 10
3 9
3 9
7 9
4 11
6 8
9 10
3 11
5 7
8 9
3 4
6 9
5 11
1 6
7 11
9 11
2 3
1 7
4 5
3 10
2 5
7 7
6 11
5 8
4 10
6 11
3 6
6 10
6 10
3 7
2 6
3 11
7 8
1 9
4 5
3 8
6 6
6 7
9 11
8 11
1 5
3 8
4 9
8 8
2 5
1 11
2 9
1 1
8 9
1 10
9 9
4 9
5 8
5 9
4 8
1 4
4 6
1 9
3 5
7 8
2 10
5 7
4 7
1 8
4 8
5 5
2 3
6 9
6 7
1 6
1 5
3 10
2 8
2 7
10 10
3 6
2 6
3 4
4 6
7 9
4 10
1 7
8 11
1 11
2 10
1 4
2 11
5 10
2 2
6 8
2 9
7 11
2 7
9 10
5 9
11 11
3 7
2 8
4 2
2 2
1 2
1 2
1 1
100 100
42 63
18 72
50 59
89 99
81 85
65 68
34 75
12 72
22 78
4 32
4 44
10 52
81 100
18 21
9 79
52 85
26 84
17 67
89 99
32 80
27 79
38 58
80 85
27 79
27 92
27 92
28 49
37 72
26 84
14 19
58 68
61 66
5 54
74 99
58 60
22 78
80 85
24 57
3 90
18 44
24 57
8 13
46 73
3 80
32 80
18 31
18 21
39 89
4 44
61 66
3 90
2 5
7 60
5 54
39 89
42 63
9 32
9 32
18 45
51 83
64 78
64 85
46 73
34 75
7 60
18 72
17 67
30 47
2 33
3 80
51 83
47 94
52 85
14 19
58 60
74 99
4 32
8 13
12 72
50 59
47 94
18 31
37 72
81 85
10 52
7 45
30 47
64 78
18 44
64 85
18 45
81 100
65 68
2 5
2 33
28 49
7 45
58 68
38 58
9 79
100 100
31 74
6 17
63 96
12 20
30 59
36 53
75 97
45 72
59 93
47 84
10 86
48 62
83 95
9 74
1 90
52 95
74 83
24 45
42 61
91 97
60 97
24 48
54 90
21 67
46 96
63 96
41 66
12 20
24 48
10 86
30 77
69 83
12 48
30 77
12 48
7 93
91 97
1 79
3 88
41 49
3 99
59 93
6 86
56 81
95 98
28 70
7 93
95 98
3 88
52 95
3 99
29 93
74 83
67 95
4 8
47 84
75 97
24 71
6 17
48 62
85 96
25 83
21 44
41 66
30 79
85 96
67 95
29 93
45 72
21 44
21 67
42 61
15 99
34 59
56 81
41 49
83 95
9 74
30 59
4 8
37 62
6 86
34 59
54 90
1 79
1 90
30 79
31 74
24 45
37 62
25 83
28 56
60 97
69 83
36 53
28 56
24 71
28 70
15 99
46 96
100 100
82 98
7 8
2 46
21 62
47 96
21 87
48 97
25 45
9 84
13 94
72 77
44 70
25 52
14 34
22 23
49 62
42 91
27 68
61 99
10 84
27 76
42 44
9 43
26 29
31 63
7 37
40 95
70 74
55 93
83 89
11 55
58 86
30 46
64 96
27 49
9 69
53 80
65 85
28 99
12 40
33 60
47 73
26 57
62 79
16 50
16 70
22 45
56 66
2 39
19 33
18 20
17 93
10 84
54 94
12 22
35 60
6 49
28 90
18 33
74 83
34 71
85 92
15 24
28 53
71 81
38 41
63 94
36 75
54 82
1 38
51 94
4 100
21 62
15 45
13 57
34 91
11 42
59 80
43 78
5 67
80 94
38 87
84 97
74 91
8 58
32 58
69 73
3 58
39 47
22 88
79 85
45 95
56 80
26 100
5 78
5 72
36 87
49 61
7 69
53 60
61 19
10 18
1 7
8 9
10 14
5 6
2 12
2 11
2 16
6 6
5 7
2 7
13 19
2 12
12 17
13 15
12 13
15 16
9 19
1 13
10 19
11 13
5 18
5 7
2 9
6 10
13 15
14 16
7 12
3 13
4 13
16 18
9 14
12 13
3 15
11 13
10 12
1 12
9 18
8 14
9 15
5 6
11 17
1 16
9 11
1 2
7 11
1 4
4 18
1 9
1 3
1 12
1 9
7 9
8 10
18 19
4 10
6 12
9 17
10 19
5 10
1 17
100 100
2 8
6 92
28 46
2 86
40 44
35 93
98 99
27 30
60 85
37 81
76 90
62 89
24 60
67 68
5 15
57 86
10 93
12 50
18 75
11 76
6 77
36 80
13 79
8 74
64 81
25 47
32 81
34 81
54 99
24 26
30 45
40 48
18 83
20 64
10 25
15 90
60 77
16 24
21 35
39 75
20 80
1 40
34 47
23 80
39 62
23 95
33 35
36 73
12 81
33 63
51 66
10 88
9 41
28 32
41 47
65 88
36 68
20 50
17 17
55 87
20 29
3 43
17 94
38 81
16 66
14 19
3 64
36 94
3 58
13 87
26 39
29 57
6 68
31 78
7 79
16 79
81 87
81 85
9 59
10 33
3 63
40 79
41 86
10 47
9 17
13 89
10 33
68 94
45 87
17 66
48 59
9 81
19 41
25 43
17 91
24 75
6 78
50 91
68 91
17 94
100 15
3 14
7 9
2 5
8 15
11 14
8 12
3 14
12 14
5 9
4 5
3 9
2 6
9 12
11 12
12 12
1 7
4 10
3 6
7 14
3 10
3 15
9 13
8 12
10 15
6 11
11 13
9 11
6 12
4 13
14 14
2 10
4 12
4 15
2 14
1 15
4 13
6 9
5 12
6 12
5 8
6 8
9 11
2 9
9 13
2 13
6 10
5 6
12 13
4 11
10 13
3 11
5 11
11 13
13 13
7 8
5 14
3 10
7 9
15 15
5 12
7 8
7 14
4 10
4 15
5 6
2 13
1 6
6 13
14 15
2 5
4 5
8 9
1 2
7 15
1 12
3 6
5 9
3 13
3 3
10 13
1 5
11 12
7 10
1 6
3 4
4 8
10 15
2 4
5 5
5 7
1 2
6 14
3 13
1 14
7 13
3 4
6 10
5 10
13 14
12 13
79 52
20 27
21 45
3 44
28 38
37 42
4 19
43 52
4 34
41 42
24 25
1 16
22 22
4 51
21 47
22 31
23 46
18 42
37 52
25 44
33 33
31 40
4 43
22 36
8 11
10 16
21 27
5 47
4 16
15 17
24 33
14 42
24 41
15 48
36 43
13 27
6 27
13 18
14 50
7 16
29 39
2 52
41 52
35 52
27 34
36 45
2 44
30 33
6 39
43 50
34 44
41 48
39 51
44 47
8 27
8 45
2 17
8 16
24 29
22 42
11 41
7 33
10 44
17 48
19 41
15 50
11 43
7 26
23 41
2 52
12 24
11 47
3 19
15 32
47 49
19 31
7 50
29 39
15 45
25 49
21 51
37 45
11 33
10 41
8 24
13 19
9 46
5 11
24 49
19 38
12 28
18 33
20 42
13 30
18 35
14 26
39 50
31 37
14 24
22 26
5 7
45 46
100 100
1 97
1 24
1 82
1 18
1 73
1 27
1 100
1 99
1 34
1 45
1 55
1 80
1 71
1 85
1 65
1 31
1 19
1 76
1 90
1 6
1 13
1 32
1 66
1 60
1 43
1 12
1 21
1 92
1 58
1 36
1 7
1 38
1 64
1 20
1 48
1 42
1 37
1 67
1 40
1 98
1 1
1 54
1 84
1 88
1 86
1 23
1 87
1 68
1 95
1 3
1 81
1 10
1 11
1 25
1 62
1 94
1 63
1 93
1 5
1 78
1 30
1 8
1 50
1 70
1 22
1 28
1 56
1 89
1 57
1 15
1 52
1 2
1 41
1 17
1 96
1 26
1 39
1 14
1 59
1 9
1 35
1 83
1 49
1 79
1 91
1 16
1 72
1 77
1 74
1 75
1 44
1 29
1 61
1 69
1 33
1 47
1 51
1 53
1 4
1 46
50 10
4 7
1 7
6 7
4 6
3 3
1 8
3 4
5 6
3 8
5 5
5 10
2 10
9 10
3 10
3 4
1 10
5 8
5 10
7 8
1 2
6 10
1 9
2 7
2 7
1 1
5 7
9 10
4 5
9 9
5 7
3 7
4 7
3 8
1 9
8 9
4 4
7 8
1 10
1 2
4 5
6 6
3 6
1 5
6 10
1 7
8 10
7 9
5 6
4 9
4 6
39 81
59 65
40 49
6 11
6 6
59 71
26 48
15 55
12 76
53 72
31 60
19 78
23 74
13 46
41 58
27 70
55 80
9 52
28 53
38 61
10 77
27 32
28 33
21 69
47 68
40 56
1 17
21 44
39 59
24 63
17 43
3 35
15 35
8 17
8 36
51 57
26 67
72 74
17 54
54 56
100 100
53 76
54 55
4 11
19 65
30 90
66 71
29 96
58 90
1 22
23 59
54 70
48 52
81 89
63 79
7 66
47 76
63 85
23 59
4 10
84 96
33 41
26 39
19 70
76 78
2 71
45 95
57 64
60 88
30 88
21 36
25 52
10 19
28 43
39 91
91 97
41 86
10 83
61 77
56 86
41 48
4 28
53 97
6 67
27 100
58 98
84 99
45 66
7 58
48 97
36 91
59 75
1 58
46 68
16 47
13 86
63 74
53 96
7 42
55 65
20 30
68 77
24 40
12 28
41 92
11 79
40 53
28 65
66 91
10 14
1 29
69 70
43 57
60 92
2 95
71 94
77 92
18 68
29 72
36 67
73 92
1 65
11 83
85 100
74 93
37 55
87 100
26 91
3 8
69 77
11 68
71 83
54 54
22 73
47 74
23 75
18 93
75 79
73 84
94 96
12 28
34 51
6 22
24 31
18 43
21 31
5 34
40 47
28 47
34 49
33 45
29 49
34 49
21 44
21 45
5 31
8 50
13 16
23 39
36 42
24 47
9 39
23 24
19 21
9 29
13 19
36 48
17 21
6 15
13 17
18 33
6 17
3 45
44 49
32 48
14 17
88 85
35 45
3 42
28 38
37 71
6 58
46 53
21 26
22 73
49 73
69 69
9 51
22 48
22 56
65 73
14 24
7 15
23 29
4 51
52 58
68 70
11 31
36 80
26 39
6 15
46 79
14 76
52 73
15 85
20 39
49 67
44 77
20 61
13 30
9 20
41 76
38 80
4 23
11 66
18 77
18 28
6 85
23 49
59 74
22 36
1 36
18 33
19 64
28 80
48 69
73 83
7 22
11 20
9 13
12 53
31 83
48 71
8 45
5 35
62 75
16 23
19 43
65 71
35 52
39 60
24 69
38 55
8 50
7 28
45 60
30 58
29 36
14 74
6 58
58 81
30 73
69 75
32 79
64 77
40 48
37 72
8 47
2 42
17 62
7 13
31 83
17 29
74 81
12 49
100 18
3 13
8 15
7 9
7 10
7 18
8 16
13 18
1 14
8 16
3 5
7 18
6 6
9 13
10 11
2 13
8 12
3 7
7 11
12 14
2 7
1 8
6 17
14 16
9 18
2 6
6 15
6 12
5 14
6 16
12 13
7 16
9 16
10 12
4 15
5 13
3 6
12 17
5 7
2 18
3 7
12 16
7 13
6 18
1 5
1 16
16 17
16 18
2 12
1 3
7 17
2 16
2 3
5 15
10 17
6 10
4 11
11 14
7 16
16 17
2 15
4 13
3 8
5 6
8 12
2 14
8 10
13 17
7 8
3 6
2 3
15 16
4 11
5 13
7 11
6 10
1 14
9 17
14 18
14 16
1 4
7 12
4 9
3 4
14 17
2 14
1 2
8 15
6 8
6 14
4 15
4 13
16 18
10 18
11 12
12 13
1 18
15 17
1 17
13 16
9 17
36 6
1 3
1 6
5 6
4 5
4 5
1 2
5 6
2 4
1 6
1 4
3 3
2 4
2 6
3 6
2 3
4 6
2 5
2 6
2 2
6 6
1 2
4 6
1 1
3 6
1 4
3 5
5 5
2 5
1 5
3 5
1 5
3 4
2 3
4 4
1 3
3 4
100 100
37 63
72 99
30 85
40 49
11 64
1 15
1 2
54 87
49 83
61 82
23 35
8 46
31 74
67 93
11 63
49 77
13 44
54 66
8 83
31 48
10 77
34 59
9 20
1 58
52 65
45 77
14 92
18 56
12 95
90 91
47 81
57 94
48 95
4 41
65 95
26 38
4 43
45 97
51 82
21 85
51 62
6 24
28 71
39 61
16 73
37 50
37 71
22 24
69 74
26 73
24 79
44 52
36 97
63 83
51 55
45 74
48 52
39 45
41 61
44 75
52 92
44 70
13 58
17 21
53 92
5 99
62 81
4 55
26 51
6 80
47 68
63 70
11 63
11 40
18 46
15 21
35 47
1 24
1 42
93 97
28 58
51 63
3 8
63 87
57 72
74 95
16 23
6 74
25 44
15 41
70 85
26 50
46 94
25 86
61 100
32 78
31 97
23 72
44 88
1 49
100 16
3 11
2 10
10 16
2 14
1 15
7 14
10 15
4 6
7 15
3 4
2 4
3 5
10 15
6 11
15 16
3 16
9 16
11 15
5 13
13 14
4 14
11 12
5 8
4 11
1 6
5 8
3 9
8 12
6 12
4 13
4 14
6 15
8 10
4 11
2 5
13 15
8 13
3 12
13 15
7 15
2 11
8 9
6 15
15 16
3 7
3 16
2 12
16 16
7 13
3 7
3 11
8 13
1 14
3 15
11 11
8 11
1 2
6 11
4 13
2 15
2 4
8 8
2 3
8 12
4 9
5 11
3 14
6 10
5 12
9 12
2 10
5 13
7 8
5 14
1 15
2 3
4 12
8 16
3 15
9 16
1 5
7 16
7 10
2 5
8 14
3 10
10 14
7 11
9 13
5 10
5 12
11 15
3 8
5 16
5 11
10 16
11 14
5 5
5 10
9 15
12 71
48 60
13 30
6 9
25 42
30 45
57 58
18 63
4 18
21 71
18 35
14 37
45 53
100 100
53 60
36 44
74 76
25 85
49 68
40 65
43 57
64 89
60 80
41 71
60 70
47 91
30 51
26 92
23 41
9 44
85 88
74 80
52 84
90 98
19 20
1 78
44 81
41 90
10 55
8 9
55 57
10 77
13 89
28 100
7 48
45 55
12 82
19 73
18 69
11 11
56 86
49 95
48 99
21 32
6 62
18 63
14 28
18 38
16 86
86 98
19 94
28 31
43 63
52 82
26 98
32 52
39 80
64 94
29 62
43 74
8 12
32 61
42 80
2 24
68 97
33 37
39 77
23 60
43 57
53 65
1 23
13 82
46 80
21 26
12 30
12 88
19 86
22 29
72 91
16 44
22 50
5 93
46 94
57 81
2 52
25 48
8 53
15 61
10 23
18 67
20 68
24 46
30 60
13 72
1 14
27 87
30 66
35 84
62 81
90 99
31 97
25 49
39 43
76 91
100 100
31 57
3 74
28 100
8 61
17 74
32 100
20 59
8 37
8 37
47 52
34 40
41 69
22 94
38 73
7 8
47 52
23 41
9 20
65 89
7 30
6 13
28 100
65 89
40 91
9 43
24 58
55 62
38 73
32 100
2 38
8 17
34 40
23 41
14 63
34 86
25 97
56 90
31 57
79 100
55 62
7 30
2 38
30 43
22 94
21 44
23 100
36 80
40 91
19 23
16 79
9 20
20 59
8 17
36 85
95 96
25 60
9 43
53 98
52 79
16 79
23 100
28 66
8 61
25 97
32 82
69 95
56 90
53 98
41 69
51 95
7 8
19 23
95 96
30 43
12 43
32 82
6 13
36 85
17 74
21 44
48 62
34 86
48 62
19 21
24 58
8 99
25 60
19 21
51 95
52 79
69 95
36 80
12 43
28 66
94 95
14 63
94 95
3 74
79 100
8 99
16 100
45 93
43 90
44 93
43 92
43 91
45 90
44 92
44 90
45 92
45 91
44 91
43 93
42 91
42 93
42 90
42 92
100 100
65 79
24 48
19 20
37 63
30 51
35 40
10 35
17 38
19 24
10 85
11 71
34 81
9 37
74 83
29 61
38 44
19 89
5 45
36 57
18 84
58 59
62 91
32 80
40 91
39 52
45 78
20 98
22 22
69 76
14 57
43 58
1 39
11 49
17 44
8 30
19 82
25 60
38 97
36 97
1 38
23 57
63 66
65 81
11 52
3 38
37 40
34 77
9 21
49 63
34 51
30 39
68 80
20 41
8 84
26 86
81 96
37 84
4 75
26 43
33 89
37 96
21 78
47 82
4 16
52 61
63 96
53 70
23 41
5 67
95 99
16 46
7 76
49 54
1 81
11 36
26 77
27 30
68 88
61 65
57 81
48 77
89 92
80 93
88 96
18 75
51 88
23 44
74 99
9 49
52 57
23 42
13 39
3 89
6 64
71 94
85 97
2 90
1 47
27 79
1 46
10 69
38 39
53 59
67 69
26 63
26 37
46 64
39 47
3 61
17 68
10 33
52 21
3 10
3 6
15 19
8 21
4 5
9 19
5 19
1 14
1 8
2 8
19 21
18 20
20 21
12 18
1 7
11 16
2 19
3 19
2 10
7 15
3 10
1 18
18 20
4 18
2 13
6 14
10 16
6 19
7 14
1 6
5 8
3 13
4 13
1 1
5 11
2 20
3 19
2 4
13 18
2 13
7 14
5 8
6 8
2 16
9 19
10 11
12 17
2 21
1 19
4 14
5 10
4 15
47 70
4 58
1 44
16 25
35 47
28 32
68 70
46 69
37 66
25 32
37 49
14 35
6 47
20 44
7 57
11 15
30 54
30 46
43 60
39 65
18 20
37 63
49 58
18 22
2 25
50 69
13 56
21 57
10 69
13 53
31 63
12 13
16 30
15 39
15 41
5 53
41 57
12 39
44 64
21 53
52 68
37 56
21 58
4 6
24 37
38 45
11 39
16 35
100 100
5 98
2 96
91 91
17 31
4 61
40 91
64 71
17 41
5 18
14 25
44 67
22 65
13 96
23 91
19 46
48 61
33 42
15 55
31 40
24 39
55 57
22 44
52 90
54 63
53 92
58 64
39 53
35 75
33 48
85 87
73 82
46 97
33 43
2 83
44 91
16 29
36 95
9 35
43 50
84 87
12 40
6 12
89 95
36 71
34 44
9 80
55 84
62 68
10 88
50 75
36 73
33 53
23 23
84 91
30 46
3 15
25 58
41 68
10 50
37 100
16 48
59 61
45 97
27 40
70 89
21 82
63 88
14 80
7 46
46 81
27 53
30 75
53 89
51 99
17 21
28 95
38 53
24 57
54 60
30 36
39 58
33 95
21 84
3 56
41 61
9 75
31 79
40 81
44 75
14 100
63 67
11 40
11 68
38 95
46 58
12 70
51 57
24 55
43 72
16 41
2 100
1 1
1 2
100 100
61 72
72 88
55 70
79 89
64 79
94 95
82 97
62 76
50 99
82 83
65 72
53 90
76 81
61 79
68 69
57 79
78 92
54 64
56 79
60 62
82 91
82 86
52 68
72 92
56 81
65 88
57 89
72 86
67 88
92 97
64 84
74 90
97 97
62 96
50 74
77 93
51 76
60 100
60 90
66 73
84 94
50 89
50 99
68 98
92 92
92 95
54 87
87 90
87 96
58 59
77 95
51 79
78 92
56 79
71 71
75 80
94 96
83 99
90 92
78 89
75 76
65 88
56 90
67 80
50 85
72 91
60 73
63 68
54 57
75 96
53 54
75 76
55 76
68 72
59 78
91 96
68 69
73 93
60 89
73 97
93 96
68 76
67 80
54 64
61 98
96 99
56 83
68 99
77 90
58 74
84 98
62 77
63 93
72 74
50 92
79 82
55 59
89 94
90 96
81 97
16 4
2 4
2 3
2 3
1 2
3 3
2 4
1 1
1 4
1 3
4 4
2 2
1 2
1 4
3 4
3 4
1 3
41 70
59 60
28 67
2 38
15 35
40 59
18 37
24 41
12 12
20 44
46 57
21 41
16 22
18 34
11 20
1 4
31 67
14 51
13 66
6 28
36 38
3 66
26 43
31 57
9 47
32 39
23 50
19 70
23 70
11 46
7 16
4 61
51 67
23 39
21 36
9 66
64 69
22 41
12 33
51 69
62 68
12 45
