100
2
0.2500 0.5000 0.5000 0.2500
3
0.0000 0.0000 0.0000 0.0009 0.0013 0.1776
1
1.0000 0.1234
2
0.1858 0.7987 0.3525 0.2214
4
0.4999 0.4996 0.4999 0.4998 0.4997 0.4997 0.4998 0.4996
2
0.0002 0.0004 0.0003 0.0001
2
0.4940 0.0329 0.0448 0.4484
2
0.9999 0.9998 0.9997 1.0000
4
0.3659 0.1029 0.5746 0.5645 0.8250 0.4897 0.4551 0.7809
3
0.1594 0.3293 0.6983 0.9887 0.5875 0.4183
2
0.8543 0.6137 0.4753 0.3344
3
0.5611 0.2215 0.6375 0.4791 0.2957 0.2100
4
0.3997 0.4000 0.4001 0.4001 0.3999 0.3996 0.3999 0.3996
4
0.2414 0.9639 0.9385 0.9337 0.7185 0.1514 0.6095 0.2709
3
0.6608 0.4669 0.8076 0.3396 0.2648 0.8011
4
0.3989 0.3989 0.3989 0.3989 0.3989 0.3989 0.3989 0.3989
3
0.9196 0.8896 0.7942 0.7124 0.6623 0.6039
3
0.2953 0.1997 0.0696 0.0180 0.5817 0.3790
4
0.0527 0.4515 0.6932 0.2196 0.4763 0.1328 0.1933 0.3614
4
0.2666 0.9756 0.5801 0.5543 0.9433 0.5414 0.2144 0.3027
4
0.9136 0.0035 0.5767 0.2886 0.7214 0.2596 0.5256 0.2233
4
0.9810 0.9810 0.9810 0.9810 0.9810 0.9810 0.9810 0.9810
4
0.2884 0.8867 0.2629 0.8040 0.2463 0.9029 0.7042 0.2877
4
0.4794 0.5395 0.9638 0.3217 0.9334 0.3592 0.7894 0.9159
2
0.5001 0.5000 0.4999 0.5000
2
0.4243 0.7068 0.8398 0.5533
2
0.3619 0.3118 0.8554 0.6041
2
0.5855 0.2322 0.7802 0.8695
3
0.3900 0.3192 0.3301 0.5343 0.5411 0.8184
2
0.2055 0.1809 0.7369 0.1688
3
0.2805 0.9161 0.4772 0.4388 0.1485 0.0527
4
1.0000 0.0000 0.0000 1.0000 1.0000 0.0000 0.0000 1.0000
4
0.7942 0.2009 0.5215 0.0617 0.4826 0.7908 0.1165 0.9362
4
0.8238 0.4275 0.1092 0.4363 0.9188 0.5470 0.2253 0.7057
4
0.5704 0.8203 0.0906 0.2002 0.2116 0.7348 0.2722 0.7855
2
1.0000 1.0000 1.0000 0.9999
4
0.6545 0.9302 0.0714 0.6477 0.6092 0.2106 0.1500 0.7877
2
0.2139 0.4075 0.5181 0.7470
4
0.5000 0.6000 0.6000 0.4000 0.5000 0.6000 0.4000 0.4000
3
0.9791 0.1300 0.7681 0.3372 0.8210 0.8580
4
0.3995 0.3999 0.4005 0.4002 0.4001 0.4004 0.4003 0.4000
4
0.9980 0.2262 0.4094 0.3134 0.5149 0.4613 0.0845 0.5112
2
0.5000 0.5000 0.4999 0.4999
2
0.9866 0.4588 0.9344 0.7366
1
0.0000 1.0000
2
0.2035 0.4488 0.5141 0.4064
2
0.4984 0.0208 0.4531 0.0571
4
0.5432 0.9818 0.4443 0.1975 0.7691 0.0824 0.3365 0.7420
4
0.5000 0.4998 0.5001 0.4997 0.4996 0.4999 0.5002 1.0000
3
0.0389 0.4659 0.1781 0.0675 0.6338 0.8509
4
0.0007 0.0007 0.0007 0.0007 0.0007 0.0007 0.0007 0.0007
1
0.0000 0.0000
2
0.5000 1.0000 0.0000 0.5000
2
0.9485 0.9518 0.9492 0.9354
3
0.6888 0.7223 0.4272 0.3793 0.3632 0.0761
4
0.3996 0.3999 0.4004 0.3995 0.4004 0.4000 0.3999 0.4005
2
0.1468 0.9769 0.4066 0.8328
4
0.2268 0.1990 0.7610 0.3646 0.1252 0.0839 0.2043 0.6741
3
0.6096 0.1208 0.0904 0.3561 0.9142 0.5372
4
0.3997 0.4001 0.4001 0.4001 0.4004 0.4004 0.3999 0.4001
4
0.4680 0.5446 0.1324 0.5170 0.4146 0.1322 0.5390 0.7721
4
0.5000 0.4996 0.4998 0.4997 0.5002 0.4999 0.5001 0.0000
3
0.4342 0.0735 0.1628 0.9487 0.2024 0.5974
4
0.5000 0.1000 0.3000 0.7000 1.0000 0.4000 0.2000 0.6000
4
0.5967 0.6268 0.9029 0.9793 0.1560 0.9021 0.3175 0.5425
2
0.0811 0.5405 0.4091 0.5698
3
0.9922 0.7823 0.9792 0.3973 0.9027 0.1111
1
0.9876 0.1234
2
0.0615 0.1295 0.3430 0.2146
3
0.9114 0.4769 0.0362 0.2955 0.5143 0.2013
2
0.6856 0.7597 0.4088 0.3366
4
0.2469 0.2515 0.5248 0.5730 0.0022 0.7703 0.2288 0.6608
2
1.0000 1.0000 0.9999 0.9999
2
0.7972 0.1906 0.9513 0.5357
4
0.5485 0.9610 0.9926 0.9870 0.3634 0.6465 0.4147 0.2477
2
0.0357 0.6284 0.4947 0.3413
4
0.6126 0.5190 0.6875 0.2570 0.7063 0.4188 0.3502 0.7093
2
0.8477 0.3581 0.9839 0.0769
4
0.4002 0.4005 0.3997 0.3998 0.3999 0.3999 0.4005 0.3998
4
0.6756 0.9159 0.2473 0.5091 0.5353 0.9247 0.6911 0.0814
4
0.6204 0.1517 0.5846 0.9408 0.4575 0.8539 0.2411 0.2147
2
0.8038 0.0721 0.1486 0.0006
4
0.0000 0.5000 0.2000 0.7000 0.4000 0.6000 0.3000 0.1000
3
0.8548 0.7910 0.0157 0.5202 0.7135 0.4494
4
0.7778 0.1111 0.2222 0.8889 0.3333 0.5556 0.6667 0.4444
4
0.6017 0.0107 0.7388 0.4559 0.4896 0.2459 0.2491 0.5099
1
1.0000 1.0000
4
0.0001 0.0001 0.0001 0.0001 0.0001 0.0001 0.0001 0.0001
4
0.7679 0.0991 0.8656 0.7985 0.8342 0.4837 0.4025 0.3518
4
0.9422 0.5598 0.1394 0.0210 0.0663 0.6266 0.8906 0.7346
4
0.0386 0.2542 0.0760 0.0399 0.8424 0.5553 0.3236 0.4251
3
0.9944 0.0585 0.2716 0.1255 0.2265 0.9939
2
0.5002 0.5001 0.5000 0.4999
3
0.1035 0.1368 0.1304 0.1465 0.0163 0.1931
4
1.0000 0.0000 1.0000 0.0000 0.0000 1.0000 1.0000 1.0000
3
0.3053 0.5667 0.1925 0.0880 0.2395 0.9680
4
0.8358 0.8096 0.4568 0.3852 0.8457 0.6023 0.7939 0.5431
3
0.1990 0.9795 0.2858 0.7442 0.7536 0.5417
4
0.4999 0.5002 0.4997 0.5001 0.4996 0.4998 0.5000 0.5003
3
0.1449 0.1448 0.1815 0.0500 0.1881 0.9307
