100
2
0.2500 0.5000 0.5000 0.2500
3
0.0000 0.0000 0.0000 0.0009 0.0013 0.1776
1
1.0000 0.1234
30
0.2673 0.4455 0.1089 0.2079 0.5446 0.5149 0.0891 0.1782 0.4950 0.1980 0.3465 0.4851 0.4554 0.2277 0.3069 0.1188 0.0198 0.2574 0.5941 0.0099 0.1881 0.5842 0.0495 0.4356 0.2178 0.5248 0.0792 0.4653 0.0693 0.3564 0.5743 0.2970 0.2772 0.2871 0.1683 0.4059 0.3861 0.0990 0.3960 0.1386 0.2475 0.3663 0.4158 0.0297 0.2376 0.3168 0.1287 0.5644 0.3267 0.5347 0.4257 0.3762 0.5050 0.3366 0.4752 0.5545 0.0396 0.1584 0.1485 0.0594
40
0.3657 0.3646 0.0686 0.1148 0.0886 0.3121 0.0840 0.0062 0.2643 0.3164 0.3419 0.2156 0.0361 0.2213 0.2162 0.0324 0.1868 0.2106 0.0521 0.2312 0.1437 0.0288 0.2854 0.1658 0.0762 0.2827 0.1838 0.0414 0.3204 0.0805 0.3215 0.1916 0.3478 0.1569 0.0594 0.1939 0.0002 0.2279 0.3805 0.2143 0.3189 0.3359 0.3734 0.3855 0.2149 0.1424 0.2244 0.2057 0.0138 0.0145 0.0529 0.1287 0.1182 0.2438 0.3158 0.1183 0.0038 0.3664 0.1636 0.2550 0.1358 0.2158 0.1594 0.1918 0.1797 0.1907 0.0547 0.0586 0.0334 0.0772 0.1059 0.3230 0.0065 0.2081 0.2342 0.3089 0.1697 0.0483 0.0929 0.3190
1
0.9876 0.1234
40
0.1690 0.1087 0.2278 0.3726 0.0601 0.3787 0.2681 0.1599 0.1302 0.1636 0.0224 0.3478 0.3571 0.2985 0.2916 0.2886 0.1434 0.1764 0.3680 0.2558 0.1936 0.0653 0.0773 0.0194 0.0445 0.3126 0.1570 0.0839 0.1036 0.3012 0.3932 0.2969 0.3845 0.3912 0.0616 0.0561 0.2211 0.1900 0.3857 0.2581 0.0463 0.2727 0.0863 0.3206 0.0762 0.1547 0.3126 0.2359 0.0526 0.1515 0.0505 0.0509 0.3155 0.3485 0.2638 0.1966 0.0400 0.0328 0.1579 0.2775 0.2592 0.3509 0.1927 0.0002 0.2406 0.3047 0.1693 0.0998 0.2458 0.2857 0.2461 0.1801 0.0646 0.1258 0.2793 0.0578 0.0532 0.2021 0.3039 0.0487
40
0.3965 0.0746 0.2762 0.3411 0.2272 0.3793 0.1870 0.1528 0.0026 0.3736 0.1266 0.1424 0.0321 0.3705 0.3474 0.1444 0.1061 0.1891 0.2269 0.0512 0.0788 0.2531 0.0183 0.0365 0.1665 0.1153 0.0451 0.0682 0.0707 0.1674 0.2373 0.1029 0.2096 0.1098 0.3589 0.0499 0.0560 0.2931 0.3848 0.3710 0.3930 0.2573 0.2318 0.2072 0.1713 0.2044 0.0811 0.2437 0.3759 0.2401 0.0875 0.0397 0.3507 0.3214 0.0001 0.2627 0.0889 0.2636 0.2106 0.0766 0.2432 0.1372 0.1090 0.0865 0.0008 0.1536 0.1153 0.2814 0.3413 0.3941 0.0995 0.0354 0.3828 0.0709 0.2313 0.2125 0.1729 0.3639 0.0366 0.0253
34
0.2831 0.4001 0.1011 0.3251 0.0414 0.1828 0.2295 0.3840 0.4108 0.4916 0.3966 0.3754 0.4457 0.3386 0.3606 0.1609 0.2974 0.2503 0.1374 0.2060 0.0562 0.0462 0.3958 0.0575 0.0729 0.2790 0.1438 0.3125 0.0946 0.3690 0.1625 0.0492 0.4246 0.1022 0.1637 0.4589 0.0109 0.1148 0.2146 0.0956 0.0562 0.1684 0.1076 0.0520 0.3635 0.4104 0.3842 0.3477 0.0797 0.3527 0.3201 0.3098 0.4271 0.2965 0.2928 0.4245 0.2738 0.1936 0.3904 0.3857 0.1725 0.2784 0.3335 0.3239 0.4888 0.0847 0.2953 0.3984
40
0.2189 0.1320 0.1738 0.3057 0.1312 0.0935 0.1976 0.2533 0.2172 0.2478 0.0449 0.1448 0.2734 0.0646 0.0600 0.0209 0.1485 0.0900 0.0889 0.2888 0.2751 0.0691 0.2552 0.1448 0.3606 0.3508 0.3267 0.0990 0.3820 0.1913 0.3690 0.0675 0.2263 0.0322 0.2227 0.0569 0.1423 0.0608 0.3864 0.0871 0.3087 0.0236 0.0667 0.1437 0.3762 0.0208 0.1942 0.1775 0.3672 0.2272 0.1087 0.0005 0.3030 0.1563 0.3607 0.2924 0.2540 0.1614 0.0317 0.0293 0.3613 0.2974 0.0349 0.2349 0.0835 0.0133 0.0916 0.3979 0.2867 0.0017 0.0741 0.3419 0.0456 0.0592 0.1690 0.1415 0.0514 0.2021 0.0810 0.1667
30
0.2022 0.2260 0.0940 0.2316 0.0244 0.0462 0.2031 0.4755 0.3109 0.0297 0.3471 0.0125 0.0971 0.3156 0.0878 0.0244 0.2475 0.2772 0.3737 0.2830 0.4798 0.2811 0.3362 0.0501 0.2018 0.1138 0.2958 0.0449 0.4461 0.3000 0.4104 0.4847 0.0365 0.0760 0.4081 0.0629 0.2049 0.4547 0.4928 0.3652 0.4499 0.3037 0.0953 0.1617 0.1213 0.3089 0.4346 0.2905 0.3424 0.2642 0.1020 0.4620 0.4826 0.4739 0.2073 0.3020 0.1196 0.4995 0.3071 0.4277
40
0.1238 0.1230 0.1234 0.1230 0.1239 0.1233 0.1239 0.1234 0.1239 0.1231 0.1231 0.1237 0.1234 0.1233 0.1232 0.1232 0.1238 0.1231 0.1239 0.1239 0.1233 0.1234 0.1235 0.1235 0.1239 0.1230 0.1233 0.1230 0.1232 0.1234 0.1230 0.1235 0.1233 0.1234 0.1235 0.1239 0.1231 0.1231 0.1234 0.1231 0.1235 0.1237 0.1238 0.1231 0.1239 0.1235 0.1236 0.1236 0.1238 0.1234 0.1238 0.1237 0.1235 0.1236 0.1231 0.1230 0.1233 0.1231 0.1233 0.1236 0.1231 0.1234 0.1235 0.1237 0.1238 0.1233 0.1237 0.1234 0.1239 0.1232 0.1235 0.1235 0.1236 0.1230 0.1234 0.1234 0.1231 0.1238 0.1232 0.1238
1
1.0000 1.0000
40
0.0010 0.0010 0.0010 0.0010 0.0010 0.0010 0.0010 0.0010 0.0010 0.0010 0.0010 0.0010 0.0010 0.0010 0.0010 0.0010 0.0010 0.0010 0.0010 0.0010 0.0010 0.0010 0.0010 0.0010 0.0010 0.0010 0.0010 0.0010 0.0010 0.0010 0.0010 0.0010 0.0010 0.0010 0.0010 0.0010 0.0010 0.0010 0.0010 0.0010 0.0010 0.0010 0.0010 0.0010 0.0010 0.0010 0.0010 0.0010 0.0010 0.0010 0.0010 0.0010 0.0010 0.0010 0.0010 0.0010 0.0010 0.0010 0.0010 0.0010 0.0010 0.0010 0.0010 0.0010 0.0010 0.0010 0.0010 0.0010 0.0010 0.0010 0.0010 0.0010 0.0010 0.0010 0.0010 0.0010 0.0010 0.0010 0.0010 0.0010
29
0.1934 0.1068 0.2455 0.0502 0.0349 0.3569 0.1668 0.2838 0.1696 0.4660 0.2149 0.4805 0.3617 0.0189 0.3738 0.3305 0.1712 0.3709 0.0816 0.0648 0.0359 0.0998 0.0596 0.0398 0.0586 0.3213 0.1655 0.0693 0.0645 0.4914 0.2188 0.3708 0.1672 0.1207 0.3578 0.0820 0.0675 0.1153 0.4977 0.1320 0.2123 0.0205 0.0520 0.2403 0.2376 0.3275 0.2149 0.2715 0.4982 0.1594 0.2937 0.0875 0.3908 0.4408 0.2191 0.1186 0.4376 0.0162
16
0.0369 0.2447 0.0300 0.4087 0.0337 0.3399 0.3580 0.2794 0.0091 0.0786 0.2734 0.3020 0.1705 0.2165 0.2939 0.3787 0.3303 0.4858 0.0127 0.3589 0.4721 0.1651 0.1792 0.3386 0.3747 0.1818 0.3077 0.3070 0.1632 0.3940 0.2948 0.0903
26
0.4317 0.3293 0.1257 0.1321 0.0026 0.0103 0.2907 0.4839 0.4743 0.4525 0.3831 0.0092 0.3731 0.2648 0.3597 0.0023 0.4273 0.3953 0.4006 0.1618 0.4192 0.3340 0.1363 0.2561 0.2031 0.0675 0.1813 0.4158 0.1706 0.0679 0.2873 0.1836 0.2838 0.1516 0.4854 0.1617 0.3530 0.4830 0.4420 0.2573 0.2973 0.3131 0.0363 0.1403 0.4970 0.0698 0.2220 0.4513 0.1991 0.1125 0.4092 0.3072
40
0.2139 0.3813 0.3937 0.2665 0.3938 0.3071 0.3601 0.1436 0.1966 0.3348 0.1387 0.2142 0.0510 0.3078 0.0601 0.1711 0.2471 0.2223 0.2691 0.0308 0.2708 0.1252 0.2190 0.2482 0.3498 0.1405 0.1015 0.3552 0.0558 0.0170 0.3366 0.2749 0.0739 0.2639 0.3747 0.1742 0.3824 0.3186 0.1533 0.1404 0.3849 0.0999 0.0484 0.2045 0.1277 0.2873 0.1845 0.3330 0.2209 0.3706 0.1145 0.3190 0.1888 0.2305 0.0143 0.0297 0.0731 0.3984 0.3553 0.0470 0.1008 0.0940 0.1753 0.2003 0.1280 0.2585 0.1605 0.0464 0.2688 0.0879 0.1594 0.3817 0.2298 0.1337 0.3366 0.1346 0.2134 0.2135 0.3363 0.0033
20
0.1536 0.4113 0.2237 0.4563 0.3640 0.3959 0.0828 0.1969 0.4226 0.1169 0.4253 0.1595 0.4711 0.1771 0.3003 0.4404 0.2730 0.2241 0.2570 0.1048 0.4788 0.4470 0.4033 0.4587 0.3854 0.4138 0.2046 0.4551 0.4211 0.1970 0.0322 0.0737 0.2129 0.3848 0.3317 0.4038 0.2464 0.1455 0.1368 0.0191
20
0.4764 0.1946 0.3194 0.0119 0.1835 0.1306 0.2694 0.1932 0.0325 0.2858 0.0271 0.0385 0.3112 0.0093 0.0675 0.0468 0.3815 0.1205 0.2374 0.2623 0.2136 0.1301 0.1728 0.4886 0.2149 0.3444 0.0942 0.2941 0.4027 0.4042 0.0428 0.0008 0.4037 0.4124 0.0310 0.1854 0.2808 0.3908 0.0411 0.1597
20
0.0955 0.1268 0.4146 0.4870 0.4581 0.1666 0.0581 0.1578 0.3738 0.4670 0.4651 0.3378 0.0978 0.3153 0.0848 0.2128 0.1570 0.3169 0.4436 0.1094 0.1527 0.2044 0.0766 0.4928 0.0273 0.1218 0.1650 0.2040 0.3213 0.0692 0.3542 0.4316 0.4010 0.0067 0.0552 0.2017 0.2817 0.1457 0.4606 0.0007
23
0.3734 0.2803 0.1277 0.1235 0.3170 0.2272 0.4677 0.1688 0.0974 0.4394 0.4042 0.0351 0.2902 0.4907 0.0949 0.0664 0.3040 0.3992 0.3819 0.1399 0.2245 0.4440 0.0313 0.2040 0.1917 0.3184 0.4694 0.2491 0.4768 0.3440 0.0845 0.4745 0.3020 0.2829 0.2362 0.2901 0.3500 0.3850 0.1542 0.4992 0.0964 0.3977 0.1546 0.0685 0.0967 0.1158
29
0.3660 0.3615 0.0083 0.4860 0.2437 0.2053 0.1190 0.4322 0.3946 0.0449 0.0423 0.0099 0.3874 0.0516 0.3124 0.1562 0.2849 0.1469 0.3796 0.4826 0.0515 0.0388 0.4203 0.0917 0.0833 0.2579 0.1604 0.2776 0.0624 0.2849 0.4974 0.4140 0.2131 0.1593 0.1843 0.1374 0.2295 0.1556 0.4249 0.1084 0.1900 0.1668 0.3638 0.0000 0.4811 0.2055 0.0457 0.0661 0.1071 0.4037 0.4683 0.3550 0.2986 0.1627 0.0116 0.1842 0.2085 0.0895
40
0.0550 0.2600 0.3650 0.3550 0.4000 0.2850 0.1050 0.0800 0.1800 0.0350 0.3000 0.1000 0.1250 0.2550 0.2350 0.3500 0.0250 0.3100 0.3300 0.1500 0.3750 0.0850 0.3900 0.1600 0.2700 0.3600 0.1300 0.2950 0.2750 0.0100 0.3450 0.1750 0.2250 0.1950 0.2800 0.2100 0.0650 0.3950 0.2500 0.0900 0.2000 0.0450 0.3350 0.1150 0.0600 0.0200 0.0500 0.1700 0.3050 0.0750 0.3400 0.0950 0.2900 0.1900 0.2050 0.3700 0.3150 0.1350 0.2200 0.1400 0.1100 0.1200 0.1450 0.2650 0.0300 0.3850 0.1850 0.2150 0.0400 0.3250 0.2400 0.3800 0.0700 0.1550 0.0000 0.1650 0.0150 0.2450 0.3200 0.2300
40
0.0328 0.0987 0.2350 0.1979 0.0908 0.0042 0.2008 0.1006 0.0143 0.3997 0.0733 0.1317 0.1635 0.2895 0.2514 0.0796 0.1690 0.1143 0.2977 0.1819 0.3319 0.3918 0.0637 0.3903 0.0450 0.0961 0.3520 0.2815 0.1673 0.1816 0.3955 0.0811 0.1282 0.2793 0.0331 0.3039 0.1306 0.3232 0.1869 0.2868 0.2677 0.3843 0.0411 0.0467 0.2457 0.0866 0.1822 0.1346 0.0085 0.1548 0.3081 0.2457 0.0937 0.2643 0.0421 0.3107 0.1824 0.2752 0.0476 0.2167 0.2743 0.0426 0.3015 0.3647 0.2337 0.0246 0.1720 0.1382 0.3229 0.2099 0.2292 0.3083 0.3816 0.0387 0.1565 0.0915 0.0009 0.1365 0.1350 0.2310
29
0.4171 0.2215 0.4094 0.0703 0.4827 0.0655 0.3912 0.3228 0.1130 0.4155 0.4357 0.1076 0.1023 0.1512 0.0182 0.4164 0.0837 0.2452 0.1961 0.2781 0.1451 0.2149 0.3640 0.2723 0.3998 0.4277 0.0634 0.4510 0.3192 0.3373 0.1571 0.2653 0.1833 0.0837 0.1638 0.0692 0.4494 0.2628 0.0636 0.3380 0.1584 0.2160 0.2272 0.0960 0.2451 0.4717 0.3944 0.0215 0.3955 0.0405 0.2683 0.3198 0.0562 0.1708 0.4165 0.3692 0.4819 0.0311
16
0.2625 0.3505 0.1344 0.0673 0.3915 0.3227 0.3274 0.2192 0.4843 0.1830 0.3185 0.2466 0.2417 0.1559 0.0379 0.3555 0.2385 0.4234 0.3233 0.4483 0.4363 0.4904 0.4886 0.2197 0.3647 0.0417 0.3270 0.3461 0.4049 0.0246 0.0957 0.1894
2
0.0003 0.0001 0.0002 0.0004
9
0.2169 0.4508 0.0612 0.4387 0.4296 0.3869 0.0964 0.2792 0.3225 0.4825 0.1619 0.2486 0.4266 0.4256 0.0964 0.1165 0.3369 0.4733
40
0.1230 0.1233 0.1234 0.1239 0.1232 0.1235 0.1239 0.1236 0.1235 0.1233 0.1234 0.1232 0.1233 0.1231 0.1232 0.1237 0.1236 0.1234 0.1238 0.1230 0.1231 0.1234 0.1230 0.1239 0.1236 0.1235 0.1235 0.1230 0.1232 0.1239 0.1234 0.1238 0.1234 0.1235 0.1235 0.1236 0.1234 0.1231 0.1232 0.1232 0.1238 0.1239 0.1239 0.1233 0.1233 0.1232 0.1237 0.1236 0.1230 0.1232 0.1239 0.1233 0.1238 0.1237 0.1239 0.1232 0.1234 0.1237 0.1233 0.1230 0.1237 0.1236 0.1237 0.1237 0.1233 0.1239 0.1233 0.1239 0.1238 0.1233 0.1234 0.1232 0.1230 0.1238 0.1239 0.1233 0.1238 0.1230 0.1234 0.1231
40
0.0903 0.2050 0.2328 0.0141 0.3023 0.3687 0.3554 0.3893 0.3309 0.2371 0.1414 0.3010 0.1870 0.2128 0.0067 0.2773 0.3152 0.3089 0.0509 0.1588 0.3207 0.0547 0.1706 0.0204 0.0097 0.3514 0.2886 0.2861 0.2827 0.1363 0.0294 0.2931 0.2262 0.2652 0.1240 0.2642 0.3964 0.1309 0.1836 0.2000 0.2271 0.0866 0.0131 0.3358 0.2601 0.2314 0.3898 0.2733 0.3553 0.1059 0.0323 0.0176 0.1495 0.3490 0.3410 0.3018 0.0926 0.3499 0.1866 0.2310 0.0409 0.3018 0.1082 0.1775 0.1339 0.0725 0.2315 0.1678 0.1090 0.0063 0.1966 0.3211 0.2791 0.2522 0.3950 0.0462 0.0377 0.3854 0.0458 0.0598
40
0.1311 0.1311 0.1311 0.1311 0.1311 0.1311 0.1311 0.1311 0.1311 0.1311 0.1311 0.1311 0.1311 0.1311 0.1311 0.1311 0.1311 0.1311 0.1311 0.1311 0.1311 0.1311 0.1311 0.1311 0.1311 0.1311 0.1311 0.1311 0.1311 0.1311 0.1311 0.1311 0.1311 0.1311 0.1311 0.1311 0.1311 0.1311 0.1311 0.1311 0.1311 0.1311 0.1311 0.1311 0.1311 0.1311 0.1311 0.1311 0.1311 0.1311 0.1311 0.1311 0.1311 0.1311 0.1311 0.1311 0.1311 0.1311 0.1311 0.1311 0.1311 0.1311 0.1311 0.1311 0.1311 0.1311 0.1311 0.1311 0.1311 0.1311 0.1311 0.1311 0.1311 0.1311 0.1311 0.1311 0.1311 0.1311 0.1311 0.1311
40
0.0273 0.3135 0.3519 0.1998 0.1505 0.0836 0.3354 0.1608 0.4501 0.4339 0.4537 0.2037 0.3383 0.3856 0.0332 0.3349 0.3137 0.0595 0.1354 0.2415 0.3090 0.4316 0.1454 0.2564 0.3433 0.1387 0.0336 0.2452 0.2901 0.1406 0.4993 0.1441 0.0561 0.4340 0.1723 0.1594 0.4227 0.1982 0.4569 0.0781 0.3325 0.0511 0.1998 0.4493 0.3059 0.1466 0.2571 0.3743 0.4957 0.0045 0.1244 0.2075 0.4895 0.0895 0.2018 0.2913 0.3253 0.4564 0.1280 0.4723 0.3310 0.0871 0.1140 0.1292 0.2851 0.1663 0.0933 0.2332 0.2049 0.2318 0.1417 0.4541 0.2292 0.2129 0.2921 0.3645 0.0222 0.1553 0.0526 0.4497
30
0.5000 0.5012 0.4986 0.5014 0.4995 0.4991 0.5013 0.4996 0.5010 0.5004 0.5002 0.5010 0.4996 0.4989 0.4987 0.4992 0.5013 0.4997 0.5008 0.5002 0.5011 0.4997 0.5014 0.5009 0.4999 0.5004 0.4988 0.4993 0.5012 0.5001 0.4985 0.5003 0.4989 0.5005 0.5007 0.4990 0.5000 0.4990 0.5006 0.5009 0.4991 0.5011 0.4993 0.5008 0.5001 0.5006 0.4998 0.4988 0.4992 0.4995 0.4999 0.4985 0.5005 0.4998 0.5003 0.4994 0.4986 0.5007 0.4994 0.4987
40
0.1236 0.1238 0.1232 0.1230 0.1239 0.1235 0.1236 0.1232 0.1232 0.1237 0.1231 0.1237 0.1235 0.1238 0.1233 0.1237 0.1234 0.1233 0.1231 0.1239 0.1232 0.1235 0.1235 0.1235 0.1235 0.1237 0.1237 0.1233 0.1237 0.1235 0.1234 0.1236 0.1237 0.1231 0.1231 0.1238 0.1232 0.1235 0.1235 0.1238 0.1233 0.1238 0.1234 0.1235 0.1232 0.1238 0.1239 0.1237 0.1237 0.1230 0.1237 0.1232 0.1236 0.1237 0.1230 0.1232 0.1234 0.1232 0.1232 0.1234 0.1236 0.1232 0.1235 0.1239 0.1237 0.1237 0.1232 0.1232 0.1232 0.1239 0.1231 0.1235 0.1234 0.1238 0.1232 0.1239 0.1230 0.1230 0.1232 0.1234
20
0.2363 0.1930 0.1112 0.3613 0.1664 0.0555 0.4174 0.3913 0.3857 0.0733 0.2387 0.1815 0.4668 0.2646 0.2172 0.2331 0.2503 0.1089 0.0062 0.2729 0.2165 0.0739 0.0852 0.2177 0.0177 0.3786 0.4006 0.0656 0.4383 0.1310 0.3625 0.2926 0.2402 0.0105 0.4187 0.3681 0.1195 0.2401 0.2576 0.1068
27
0.3980 0.2903 0.4295 0.2522 0.2201 0.0005 0.2829 0.1891 0.0606 0.1475 0.0863 0.0321 0.1236 0.2775 0.1971 0.3736 0.3747 0.1627 0.4266 0.3481 0.0198 0.0919 0.2932 0.2278 0.0727 0.0659 0.4988 0.0703 0.0183 0.1581 0.4966 0.1974 0.0943 0.1246 0.0991 0.0893 0.3141 0.4935 0.3157 0.0152 0.1912 0.4115 0.1061 0.4411 0.3279 0.2624 0.0938 0.0781 0.3299 0.3916 0.3870 0.0072 0.0391 0.1753
40
0.3477 0.1427 0.1342 0.2629 0.3460 0.1161 0.3997 0.2173 0.3423 0.2338 0.3876 0.2784 0.2873 0.2261 0.2018 0.2057 0.3579 0.0133 0.2588 0.0413 0.3005 0.1066 0.2366 0.0863 0.1088 0.1218 0.0263 0.1739 0.2459 0.2102 0.3171 0.3249 0.0340 0.0049 0.3105 0.2048 0.0205 0.0684 0.1172 0.3436 0.2931 0.2403 0.3711 0.2525 0.0898 0.1669 0.1724 0.2122 0.1231 0.2268 0.3163 0.1008 0.0622 0.1782 0.2620 0.2210 0.2262 0.2977 0.2093 0.1553 0.2494 0.0886 0.1757 0.3403 0.1106 0.2084 0.2490 0.1150 0.0526 0.3162 0.2429 0.2714 0.1262 0.3977 0.2632 0.1927 0.3298 0.0376 0.3547 0.1987
40
0.3840 0.4413 0.1204 0.3335 0.1623 0.1324 0.2063 0.4691 0.2937 0.1763 0.4651 0.3443 0.3389 0.3320 0.0674 0.3191 0.2757 0.3663 0.0673 0.2701 0.3018 0.1303 0.2285 0.2196 0.3651 0.2704 0.0609 0.4357 0.3193 0.3850 0.2500 0.2859 0.2201 0.1102 0.4074 0.3556 0.1935 0.0357 0.4176 0.3003 0.2706 0.3320 0.1591 0.0591 0.3973 0.0352 0.2187 0.4662 0.1119 0.3158 0.4712 0.4238 0.3131 0.2310 0.2432 0.2800 0.3365 0.0541 0.3547 0.0862 0.3633 0.1505 0.1502 0.2307 0.0577 0.2590 0.2247 0.2299 0.4708 0.1211 0.2018 0.1817 0.1313 0.3815 0.0717 0.0631 0.1930 0.0069 0.1259 0.4712
5
0.1112 0.3161 0.0667 0.1185 0.4667 0.3158 0.4592 0.2654 0.3950 0.1907
26
0.0130 0.4304 0.3181 0.4981 0.2295 0.1228 0.3925 0.3161 0.0005 0.0232 0.2482 0.0895 0.1161 0.2809 0.1438 0.3256 0.4783 0.4214 0.3573 0.2874 0.2304 0.2300 0.3380 0.3784 0.3685 0.4570 0.0432 0.3669 0.2336 0.0457 0.1319 0.1662 0.0132 0.4037 0.2473 0.1098 0.3875 0.3479 0.1020 0.1962 0.3816 0.3055 0.0771 0.0746 0.2082 0.2735 0.1545 0.1777 0.4760 0.1013 0.0561 0.2808
14
0.0697 0.1572 0.2911 0.3597 0.0561 0.3094 0.0255 0.1426 0.0329 0.3563 0.3238 0.1881 0.4613 0.3205 0.1987 0.4391 0.2299 0.0903 0.1179 0.3152 0.2838 0.1246 0.1037 0.3282 0.1509 0.4291 0.3942 0.4504
27
0.1237 0.1905 0.0449 0.0312 0.3182 0.0035 0.4020 0.1406 0.0615 0.4248 0.4823 0.4948 0.2254 0.2841 0.4151 0.0967 0.3931 0.3309 0.3216 0.1026 0.4134 0.0519 0.4544 0.1707 0.4525 0.2494 0.2967 0.4633 0.4876 0.4812 0.2886 0.2418 0.1820 0.1994 0.4222 0.2929 0.4639 0.3938 0.0796 0.3664 0.3714 0.3910 0.2700 0.2277 0.4197 0.3846 0.0022 0.3330 0.0998 0.2763 0.4651 0.4606 0.0889 0.2920
8
0.4985 0.3500 0.2539 0.4330 0.1952 0.1514 0.4532 0.0307 0.2457 0.0708 0.1771 0.2972 0.0759 0.0831 0.0786 0.3281
40
0.1238 0.1235 0.1235 0.1239 0.1236 0.1232 0.1238 0.1234 0.1236 0.1237 0.1230 0.1233 0.1237 0.1232 0.1232 0.1236 0.1236 0.1239 0.1239 0.1234 0.1233 0.1234 0.1238 0.1234 0.1233 0.1233 0.1239 0.1231 0.1237 0.1239 0.1236 0.1234 0.1234 0.1233 0.1238 0.1231 0.1230 0.1237 0.1232 0.1239 0.1239 0.1234 0.1230 0.1232 0.1232 0.1238 0.1233 0.1234 0.1235 0.1231 0.1239 0.1237 0.1230 0.1233 0.1235 0.1234 0.1231 0.1230 0.1236 0.1235 0.1234 0.1236 0.1230 0.1239 0.1231 0.1230 0.1239 0.1239 0.1237 0.1235 0.1234 0.1234 0.1232 0.1235 0.1230 0.1230 0.1232 0.1235 0.1239 0.1236
32
0.3066 0.2344 0.4991 0.4852 0.1358 0.0838 0.1282 0.0615 0.0409 0.4828 0.3845 0.3093 0.3333 0.2471 0.1481 0.4998 0.2337 0.4219 0.1224 0.3780 0.3831 0.0992 0.1496 0.4288 0.0279 0.4488 0.0810 0.2641 0.4177 0.1266 0.3770 0.0541 0.3321 0.1775 0.3517 0.1063 0.4172 0.3304 0.1540 0.3149 0.2239 0.3940 0.1003 0.3775 0.2900 0.1763 0.0658 0.2243 0.4608 0.4127 0.4944 0.4895 0.4594 0.1245 0.2559 0.2419 0.3047 0.0463 0.4450 0.2812 0.1353 0.1999 0.4582 0.4669
39
0.1733 0.3146 0.4250 0.1833 0.0445 0.1480 0.2342 0.3045 0.2742 0.4296 0.4894 0.3769 0.3695 0.1237 0.4675 0.1767 0.0996 0.4635 0.2028 0.4039 0.1956 0.0627 0.2670 0.0517 0.2595 0.0369 0.2640 0.2604 0.0676 0.4610 0.3975 0.1134 0.2912 0.1712 0.2539 0.4205 0.1225 0.2674 0.3567 0.2461 0.2492 0.4012 0.0018 0.0757 0.0562 0.0971 0.3789 0.0484 0.4936 0.2434 0.1422 0.3214 0.0053 0.0089 0.4136 0.4498 0.2406 0.1314 0.3078 0.3127 0.0500 0.3014 0.0049 0.2814 0.2279 0.1971 0.0143 0.4732 0.3986 0.4904 0.2104 0.4724 0.0680 0.0825 0.4226 0.2488 0.0894 0.2313
15
0.1356 0.1760 0.4760 0.3127 0.3618 0.1754 0.0021 0.1082 0.4447 0.3544 0.4868 0.0715 0.4020 0.4493 0.2305 0.4450 0.2706 0.0544 0.4714 0.2169 0.4241 0.0474 0.1950 0.2273 0.1840 0.4193 0.4331 0.3558 0.0630 0.3493
5
0.4126 0.2862 0.0559 0.3230 0.3281 0.1824 0.3634 0.3316 0.3147 0.2525
38
0.1893 0.0371 0.0046 0.4836 0.3557 0.4875 0.1318 0.2874 0.2645 0.0904 0.3413 0.4156 0.0971 0.2200 0.0248 0.1927 0.0180 0.4210 0.2479 0.0338 0.2041 0.2769 0.4319 0.2619 0.2664 0.3377 0.1628 0.0612 0.1561 0.1107 0.4228 0.4397 0.3859 0.3538 0.0616 0.2696 0.4580 0.1058 0.1832 0.4243 0.2899 0.2811 0.4696 0.2097 0.1242 0.3774 0.1655 0.3839 0.4640 0.1309 0.1548 0.2245 0.3338 0.4044 0.2264 0.1920 0.0771 0.2428 0.2964 0.4588 0.0458 0.3425 0.0536 0.4254 0.0350 0.0460 0.4102 0.2482 0.4917 0.3243 0.2739 0.0313 0.4580 0.1066 0.2069 0.4887
32
0.2247 0.3288 0.1995 0.2869 0.0042 0.1754 0.1560 0.3829 0.1844 0.2796 0.1490 0.2306 0.4539 0.0833 0.3601 0.0074 0.0582 0.3640 0.3759 0.0098 0.2550 0.0042 0.1956 0.3281 0.3704 0.2940 0.0711 0.3791 0.2087 0.3673 0.2656 0.3942 0.0491 0.4234 0.4407 0.2646 0.3052 0.4455 0.2792 0.3245 0.1545 0.4276 0.1442 0.3171 0.2288 0.1912 0.2678 0.4467 0.4463 0.2760 0.1177 0.2661 0.1131 0.0395 0.2355 0.4794 0.1464 0.4529 0.0095 0.0332 0.3070 0.1517 0.1494 0.3352
40
0.3911 0.1082 0.3765 0.1146 0.3408 0.1751 0.3768 0.3958 0.3235 0.3770 0.3139 0.3715 0.0937 0.3779 0.1168 0.0942 0.3606 0.3817 0.2610 0.2647 0.3419 0.2461 0.1937 0.0229 0.3877 0.2208 0.3296 0.1603 0.3320 0.3071 0.2837 0.0998 0.1878 0.0370 0.0282 0.1830 0.0929 0.2864 0.2359 0.2956 0.3326 0.2436 0.1198 0.2781 0.2201 0.2426 0.0151 0.1783 0.2727 0.2069 0.1166 0.1637 0.0590 0.1798 0.0469 0.1903 0.2359 0.1088 0.1359 0.3488 0.0322 0.2088 0.3312 0.1236 0.2930 0.2420 0.3699 0.0837 0.0277 0.1646 0.0084 0.3128 0.2945 0.0033 0.1916 0.3862 0.1902 0.1435 0.2397 0.3319
40
0.0198 0.2963 0.1630 0.2815 0.0444 0.0741 0.3358 0.1580 0.3111 0.2321 0.3259 0.1037 0.2667 0.2469 0.3704 0.1481 0.3407 0.3852 0.3654 0.0049 0.2074 0.0494 0.3160 0.1086 0.0247 0.2420 0.1284 0.2173 0.2222 0.2864 0.2123 0.1728 0.0148 0.3802 0.1531 0.3605 0.1235 0.1827 0.3951 0.0543 0.1778 0.0099 0.0889 0.1877 0.1383 0.0938 0.0296 0.2617 0.2914 0.3012 0.1136 0.2765 0.0691 0.0840 0.0346 0.3210 0.2568 0.3753 0.3062 0.1926 0.0790 0.0988 0.3556 0.1432 0.1185 0.1333 0.2370 0.2716 0.0593 0.1975 0.1679 0.3309 0.2519 0.3457 0.0395 0.2272 0.2025 0.3506 0.0642 0.3901
40
0.1232 0.1230 0.1233 0.1234 0.1232 0.1230 0.1234 0.1235 0.1232 0.1231 0.1239 0.1230 0.1232 0.1232 0.1231 0.1236 0.1231 0.1234 0.1233 0.1231 0.1234 0.1239 0.1237 0.1235 0.1239 0.1231 0.1230 0.1234 0.1233 0.1236 0.1231 0.1230 0.1239 0.1239 0.1232 0.1235 0.1238 0.1236 0.1239 0.1233 0.1237 0.1236 0.1236 0.1236 0.1233 0.1232 0.1230 0.1239 0.1232 0.1230 0.1237 0.1237 0.1236 0.1239 0.1233 0.1238 0.1230 0.1232 0.1232 0.1239 0.1237 0.1233 0.1231 0.1238 0.1231 0.1233 0.1239 0.1239 0.1231 0.1232 0.1234 0.1239 0.1237 0.1235 0.1230 0.1230 0.1235 0.1234 0.1239 0.1235
32
0.1243 0.1230 0.4844 0.1959 0.1719 0.4471 0.4106 0.1455 0.2014 0.2255 0.3007 0.0861 0.1575 0.1536 0.3112 0.4881 0.2872 0.1402 0.0992 0.2710 0.1877 0.2068 0.3765 0.3554 0.0883 0.3171 0.3557 0.4602 0.4683 0.4560 0.2116 0.2358 0.0111 0.3333 0.2407 0.3462 0.3905 0.1139 0.1984 0.1760 0.0926 0.4907 0.3747 0.1498 0.0353 0.2532 0.0635 0.2632 0.2215 0.4702 0.4033 0.4062 0.0290 0.0182 0.3943 0.0365 0.4652 0.0682 0.3886 0.1578 0.2714 0.4456 0.1329 0.4559
40
0.0002 0.0002 0.0002 0.0002 0.0002 0.0002 0.0002 0.0002 0.0002 0.0002 0.0002 0.0002 0.0002 0.0002 0.0002 0.0002 0.0002 0.0002 0.0002 0.0002 0.0002 0.0002 0.0002 0.0002 0.0002 0.0002 0.0002 0.0002 0.0002 0.0002 0.0002 0.0002 0.0002 0.0002 0.0002 0.0002 0.0002 0.0002 0.0002 0.0002 0.0002 0.0002 0.0002 0.0002 0.0002 0.0002 0.0002 0.0002 0.0002 0.0002 0.0002 0.0002 0.0002 0.0002 0.0002 0.0002 0.0002 0.0002 0.0002 0.0002 0.0002 0.0002 0.0002 0.0002 0.0002 0.0002 0.0002 0.0002 0.0002 0.0002 0.0002 0.0002 0.0002 0.0002 0.0002 0.0002 0.0002 0.0002 0.0002 0.0002
37
0.1871 0.4481 0.2999 0.2998 0.1299 0.1921 0.1922 0.4580 0.3719 0.2803 0.1964 0.0581 0.2402 0.4044 0.4573 0.1167 0.4363 0.4255 0.0651 0.1411 0.3666 0.2882 0.0475 0.2548 0.3324 0.0517 0.1284 0.3297 0.0959 0.3663 0.3106 0.0397 0.3658 0.0625 0.1764 0.3859 0.3902 0.0269 0.3387 0.3900 0.4068 0.0641 0.2662 0.1607 0.0581 0.2464 0.1405 0.4273 0.1960 0.0852 0.0289 0.2471 0.0597 0.3664 0.0103 0.3743 0.4025 0.2473 0.3868 0.2769 0.0992 0.2998 0.3283 0.2196 0.2655 0.4211 0.2900 0.1312 0.0157 0.2605 0.0731 0.0863 0.0208 0.1855
2
0.5000 0.5001 0.4999 0.5000
37
0.4968 0.3438 0.0976 0.1430 0.4401 0.4657 0.3838 0.1154 0.4820 0.1895 0.1692 0.3517 0.3790 0.3793 0.2577 0.1654 0.2519 0.3691 0.0680 0.4142 0.2765 0.2019 0.2448 0.3188 0.2600 0.1098 0.0718 0.3107 0.4141 0.1110 0.2758 0.1085 0.2590 0.4183 0.4817 0.2472 0.2895 0.2770 0.2959 0.1425 0.1891 0.2835 0.1936 0.3894 0.4100 0.3860 0.2874 0.3183 0.0148 0.3051 0.3800 0.4052 0.4985 0.1172 0.1177 0.1007 0.0971 0.2425 0.4100 0.0666 0.1013 0.4333 0.1615 0.1742 0.0271 0.4654 0.1108 0.0730 0.4453 0.2959 0.3306 0.1985 0.2730 0.2587
12
0.2064 0.3300 0.0377 0.4472 0.4589 0.4420 0.1862 0.0586 0.0513 0.1078 0.0972 0.1638 0.0857 0.2669 0.4707 0.4685 0.1977 0.0305 0.1199 0.4230 0.4897 0.2689 0.0142 0.3480
40
0.2306 0.2477 0.1042 0.0041 0.3012 0.1839 0.3674 0.2224 0.0237 0.3480 0.0931 0.2478 0.1914 0.3762 0.3556 0.1602 0.0647 0.1494 0.1832 0.0592 0.2713 0.3404 0.2870 0.3683 0.3942 0.3118 0.1774 0.1205 0.1965 0.2559 0.0765 0.0838 0.2407 0.3812 0.0987 0.1377 0.3122 0.3474 0.0305 0.1538 0.2647 0.0617 0.2976 0.3057 0.1440 0.3037 0.2301 0.2942 0.3749 0.3061 0.0549 0.1758 0.1493 0.1748 0.3061 0.0895 0.1740 0.2849 0.1868 0.2184 0.1859 0.1602 0.3809 0.3758 0.3890 0.2029 0.2069 0.1548 0.3563 0.3167 0.2948 0.0326 0.1673 0.1228 0.3640 0.0924 0.2435 0.3732 0.1168 0.3583
22
0.2235 0.1171 0.0963 0.0485 0.4179 0.4686 0.2806 0.2920 0.1488 0.4912 0.3806 0.1640 0.4242 0.1176 0.3850 0.1344 0.2391 0.1761 0.4559 0.4887 0.2198 0.2575 0.4583 0.0133 0.3206 0.4853 0.1368 0.3222 0.4890 0.0478 0.0558 0.3433 0.4733 0.2679 0.2545 0.0607 0.2506 0.0327 0.1848 0.1082 0.2990 0.2742 0.4302 0.1394
40
0.5288 0.5288 0.5288 0.5288 0.5288 0.5288 0.5288 0.5288 0.5288 0.5288 0.5288 0.5288 0.5288 0.5288 0.5288 0.5288 0.5288 0.5288 0.5288 0.5288 0.5288 0.5288 0.5288 0.5288 0.5288 0.5288 0.5288 0.5288 0.5288 0.5288 0.5288 0.5288 0.5288 0.5288 0.5288 0.5288 0.5288 0.5288 0.5288 0.5288 0.5288 0.5288 0.5288 0.5288 0.5288 0.5288 0.5288 0.5288 0.5288 0.5288 0.5288 0.5288 0.5288 0.5288 0.5288 0.5288 0.5288 0.5288 0.5288 0.5288 0.5288 0.5288 0.5288 0.5288 0.5288 0.5288 0.5288 0.5288 0.5288 0.5288 0.5288 0.5288 0.5288 0.5288 0.5288 0.5288 0.5288 0.5288 0.5288 0.5288
2
0.5000 0.4999 0.5000 0.4999
6
0.0029 0.1812 0.4516 0.0069 0.2438 0.2062 0.2071 0.1374 0.0566 0.4776 0.4087 0.2399
7
0.0197 0.0837 0.4068 0.3200 0.0075 0.2167 0.0353 0.1849 0.4503 0.0058 0.4417 0.0380 0.0392 0.2786
40
0.0373 0.0346 0.0826 0.0681 0.0167 0.0611 0.3374 0.1323 0.2878 0.2161 0.3123 0.0752 0.1686 0.1827 0.0600 0.3367 0.0286 0.2420 0.3370 0.1513 0.0121 0.0801 0.0263 0.3290 0.0272 0.2701 0.1665 0.2294 0.2058 0.3546 0.3287 0.0526 0.1528 0.1666 0.1170 0.0142 0.1447 0.1789 0.2242 0.1993 0.1729 0.3464 0.1243 0.3175 0.0685 0.0690 0.1845 0.0445 0.1210 0.1066 0.0705 0.2904 0.1347 0.3648 0.2851 0.0644 0.3128 0.2008 0.3558 0.0710 0.3585 0.0261 0.2285 0.1520 0.0956 0.1867 0.2856 0.2991 0.2529 0.0092 0.1945 0.3723 0.1779 0.2486 0.3386 0.2698 0.2730 0.3227 0.2069 0.1438
17
0.1036 0.1589 0.3804 0.4030 0.3895 0.1734 0.4078 0.2393 0.4784 0.3887 0.2904 0.1409 0.4324 0.0253 0.2250 0.4853 0.4158 0.1253 0.1156 0.3837 0.2666 0.3469 0.3992 0.3626 0.4132 0.3300 0.0548 0.1131 0.0793 0.0732 0.2550 0.0093 0.3127 0.1573
40
0.2395 0.3206 0.1612 0.0990 0.1212 0.1982 0.2012 0.2276 0.1276 0.1841 0.2549 0.1867 0.0883 0.1520 0.3936 0.1941 0.1121 0.2855 0.3634 0.1382 0.1554 0.1512 0.0556 0.1486 0.1744 0.0553 0.0865 0.1310 0.3236 0.1703 0.3114 0.0333 0.1856 0.3282 0.0779 0.0815 0.0809 0.1767 0.1120 0.3021 0.1303 0.2765 0.3929 0.1091 0.1923 0.0085 0.3349 0.3691 0.3070 0.0888 0.2116 0.2450 0.1394 0.1155 0.1356 0.1170 0.0860 0.3200 0.1155 0.2985 0.0672 0.1464 0.1650 0.3632 0.3487 0.0708 0.3328 0.2095 0.1093 0.1972 0.2129 0.0439 0.1477 0.1969 0.2575 0.1300 0.3002 0.3214 0.0147 0.3307
40
1.0000 0.0000 0.0000 0.0000 1.0000 1.0000 1.0000 1.0000 1.0000 0.0000 0.0000 0.0000 0.0000 1.0000 1.0000 0.0000 0.0000 0.0000 1.0000 1.0000 1.0000 0.0000 0.0000 1.0000 1.0000 0.0000 0.0000 0.0000 1.0000 1.0000 1.0000 1.0000 1.0000 1.0000 0.0000 1.0000 0.0000 0.0000 1.0000 0.0000 1.0000 1.0000 0.0000 1.0000 0.0000 0.0000 0.0000 1.0000 0.0000 0.0000 1.0000 1.0000 0.0000 0.0000 0.0000 1.0000 0.0000 1.0000 1.0000 0.0000 1.0000 1.0000 1.0000 0.0000 0.0000 0.0000 0.0000 1.0000 0.0000 1.0000 1.0000 1.0000 0.0000 1.0000 0.0000 0.0000 1.0000 0.0000 1.0000 0.0000
9
0.3929 0.2433 0.2592 0.3623 0.0155 0.0427 0.2261 0.1112 0.2949 0.3811 0.4805 0.1690 0.1879 0.4075 0.0936 0.1831 0.1560 0.0660
40
0.3339 0.2683 0.0351 0.3086 0.0144 0.3412 0.3081 0.3814 0.1276 0.3950 0.1486 0.2941 0.0040 0.0845 0.0091 0.0308 0.2391 0.2695 0.3881 0.3832 0.3946 0.3502 0.2774 0.2815 0.1110 0.1113 0.3822 0.2339 0.3501 0.2375 0.2418 0.0160 0.3489 0.2004 0.1016 0.2107 0.3998 0.0595 0.2534 0.1521 0.0868 0.1720 0.1431 0.2355 0.3170 0.0079 0.3036 0.2758 0.2525 0.3175 0.2133 0.2070 0.0522 0.1724 0.1724 0.2304 0.1262 0.3216 0.2640 0.3656 0.1866 0.1265 0.1451 0.3339 0.0693 0.0168 0.0365 0.1185 0.0251 0.1937 0.3528 0.0041 0.1399 0.3869 0.1074 0.2565 0.1310 0.2964 0.0498 0.1966
40
0.3670 0.0868 0.3152 0.3373 0.2312 0.1466 0.2696 0.3400 0.2822 0.3418 0.3737 0.3742 0.1327 0.2008 0.0106 0.1118 0.0243 0.1655 0.3220 0.2568 0.1433 0.1041 0.2511 0.0813 0.3494 0.3806 0.1766 0.3480 0.3688 0.1634 0.1950 0.0618 0.1186 0.3918 0.3933 0.3809 0.3575 0.3793 0.1902 0.0817 0.1935 0.3748 0.1023 0.0276 0.0578 0.1042 0.1165 0.3901 0.3714 0.3656 0.3308 0.1577 0.2604 0.2444 0.0855 0.2513 0.0237 0.0335 0.3795 0.1880 0.1837 0.2324 0.2486 0.2301 0.2599 0.2248 0.2515 0.0937 0.3374 0.1594 0.0893 0.2998 0.1678 0.2657 0.2160 0.0406 0.0679 0.3103 0.2178 0.2122
2
0.0000 0.5000 1.0000 0.5000
40
0.2008 0.2004 0.2003 0.2002 0.2004 0.2008 0.2004 0.2009 0.2001 0.2009 0.2003 0.2002 0.2005 0.2004 0.2006 0.2004 0.2009 0.2008 0.2009 0.2004 0.2006 0.2007 0.2008 0.2007 0.2003 0.2008 0.2008 0.2007 0.2008 0.2004 0.2007 0.2008 0.2006 0.2002 0.2008 0.2007 0.2007 0.2005 0.2006 0.2003 0.2008 0.2007 0.2007 0.2007 0.2009 0.2005 0.2008 0.2005 0.2008 0.2009 0.2007 0.2006 0.2008 0.2006 0.2001 0.2009 0.2008 0.2000 0.2005 0.2006 0.2002 0.2005 0.2007 0.2005 0.2006 0.2005 0.2006 0.2005 0.2006 0.2004 0.2007 0.2006 0.2003 0.2006 0.2007 0.2007 0.2008 0.2005 0.2008 0.2003
40
0.2498 0.2486 0.2477 0.2519 0.2516 0.2480 0.2478 0.2469 0.2534 0.2520 0.2494 0.2514 0.2495 0.2523 0.2472 0.2522 0.2489 0.2497 0.2502 0.2524 0.2465 0.2488 0.2503 0.2538 0.2513 0.2475 0.2461 0.2485 0.0000 0.2506 0.2499 0.2501 0.2464 0.2528 0.2535 0.2511 0.2510 0.2525 0.2509 0.2466 0.2487 0.2463 0.2518 0.2521 0.2492 0.2496 0.2474 0.2460 0.2537 0.2476 0.2507 0.2479 0.2527 0.2504 0.2533 0.2505 0.2532 0.2490 0.2529 0.2467 0.2530 0.2500 0.2473 0.2483 0.2468 0.2470 0.2512 0.2531 0.2462 0.2517 0.2471 0.2491 0.2508 0.2481 0.2484 0.2536 0.2526 0.2515 0.2493 0.2482
40
0.3000 0.3000 0.4000 0.2000 0.4000 0.2000 0.4000 0.3000 0.4000 0.2000 0.3000 0.2000 0.3000 0.4000 0.4000 0.2000 0.2000 0.2000 0.2000 0.2000 0.3000 0.4000 0.4000 0.2000 0.4000 0.3000 0.4000 0.2000 0.3000 0.2000 0.3000 0.4000 0.2000 0.3000 0.4000 0.2000 0.3000 0.2000 0.4000 0.3000 0.2000 0.4000 0.4000 0.4000 0.4000 0.4000 0.4000 0.2000 0.3000 0.3000 0.2000 0.4000 0.2000 0.3000 0.4000 0.4000 0.3000 0.4000 0.2000 0.3000 0.2000 0.2000 0.4000 0.3000 0.2000 0.2000 0.4000 0.4000 0.3000 0.2000 0.3000 0.2000 0.4000 0.2000 0.4000 0.4000 0.4000 0.2000 0.2000 0.2000
26
0.3846 0.1001 0.1505 0.0174 0.1776 0.1195 0.1953 0.2650 0.3099 0.1678 0.1765 0.0637 0.4356 0.4549 0.4599 0.0441 0.1351 0.3706 0.0878 0.2742 0.0762 0.1981 0.0016 0.1726 0.0578 0.1432 0.1681 0.1336 0.2208 0.1156 0.2621 0.3450 0.4860 0.1856 0.0619 0.0864 0.3014 0.4120 0.4270 0.2594 0.0136 0.3868 0.0285 0.0167 0.4085 0.0440 0.1464 0.3781 0.2006 0.2351 0.1471 0.2026
31
0.0816 0.0168 0.3398 0.2735 0.0013 0.2286 0.1772 0.1482 0.3679 0.1625 0.1654 0.0547 0.3070 0.0714 0.4513 0.1497 0.2691 0.4510 0.0274 0.4416 0.1373 0.1034 0.3702 0.1128 0.4011 0.3387 0.4248 0.3836 0.2195 0.4198 0.1748 0.2176 0.0639 0.4489 0.1171 0.1923 0.2030 0.2694 0.1620 0.0267 0.0555 0.3724 0.3678 0.3163 0.2274 0.0844 0.4927 0.3011 0.0539 0.0181 0.2292 0.3508 0.1234 0.3478 0.2799 0.3859 0.2482 0.1728 0.1255 0.1714 0.4237 0.4436
21
0.0731 0.1230 0.1311 0.3470 0.2012 0.2785 0.3641 0.1645 0.2519 0.1778 0.3315 0.4433 0.3644 0.4345 0.2971 0.2171 0.4181 0.3625 0.4648 0.1821 0.3707 0.4280 0.0494 0.2710 0.4575 0.0574 0.4234 0.1845 0.1501 0.3986 0.4839 0.4941 0.3209 0.1770 0.0199 0.1576 0.4452 0.0109 0.3322 0.1637 0.4538 0.4187
40
0.2939 0.1173 0.3255 0.2575 0.2141 0.2290 0.0512 0.3710 0.0072 0.3420 0.2320 0.0351 0.4175 0.3894 0.2391 0.4088 0.0644 0.2816 0.0753 0.2389 0.2238 0.4947 0.1097 0.3024 0.1876 0.0179 0.0468 0.2106 0.0359 0.2402 0.1925 0.0161 0.1203 0.0217 0.1043 0.4686 0.1921 0.2544 0.4385 0.3374 0.2118 0.3168 0.0745 0.3035 0.1322 0.0078 0.1004 0.0594 0.1668 0.4724 0.4174 0.3086 0.0502 0.0344 0.0998 0.0292 0.3231 0.3591 0.4221 0.4360 0.3292 0.3808 0.4763 0.0265 0.1399 0.2329 0.1598 0.2238 0.4149 0.2099 0.0379 0.4487 0.0682 0.1438 0.0975 0.2594 0.0536 0.2755 0.4550 0.4141
14
0.3849 0.2531 0.1628 0.1199 0.2224 0.3304 0.3231 0.3063 0.1827 0.0251 0.4524 0.0629 0.4880 0.2078 0.3862 0.2836 0.1760 0.2708 0.1308 0.1144 0.2785 0.1463 0.4226 0.0763 0.4830 0.1493 0.0655 0.4339
13
0.2887 0.1139 0.3620 0.1486 0.3651 0.3483 0.1094 0.0073 0.1561 0.3573 0.0513 0.4994 0.1600 0.3383 0.0337 0.3181 0.4819 0.1371 0.1580 0.3767 0.0459 0.2401 0.3145 0.0504 0.2591 0.4474
1
0.0000 1.0000
29
0.3180 0.2149 0.3540 0.4217 0.2322 0.2973 0.1035 0.1393 0.0595 0.1086 0.3893 0.3652 0.1257 0.1585 0.0341 0.4810 0.3869 0.2742 0.4846 0.3780 0.1934 0.1848 0.4297 0.3915 0.1270 0.2184 0.0116 0.1615 0.3587 0.1490 0.1685 0.1325 0.0615 0.0597 0.1395 0.3497 0.4479 0.3130 0.1933 0.1235 0.4366 0.4122 0.4392 0.0617 0.4436 0.4577 0.2908 0.1862 0.4231 0.0607 0.1856 0.4320 0.2997 0.3828 0.2104 0.2989 0.0834 0.0218
2
0.5001 0.5000 0.4999 0.5002
17
0.3790 0.3072 0.4649 0.2571 0.0991 0.1297 0.0862 0.3306 0.1832 0.2612 0.1240 0.3270 0.4494 0.0164 0.4025 0.2582 0.3055 0.3968 0.3418 0.4972 0.1166 0.0369 0.0797 0.1135 0.3297 0.1630 0.2081 0.3489 0.0600 0.0595 0.4990 0.2106 0.4876 0.2488
18
0.4309 0.1052 0.1924 0.4723 0.4008 0.0728 0.1312 0.0829 0.1291 0.3359 0.1677 0.4778 0.0339 0.0604 0.3598 0.2258 0.1338 0.2072 0.3516 0.4882 0.3552 0.2072 0.3587 0.2968 0.4789 0.1131 0.4698 0.3448 0.1192 0.2377 0.0632 0.0484 0.0006 0.4925 0.1093 0.4894
2
0.9998 1.0000 0.9999 0.9997
2
1.0000 1.0000 0.9999 1.0000
40
0.3592 0.4351 0.2521 0.2643 0.1773 0.0618 0.2006 0.1860 0.2036 0.3259 0.1037 0.0018 0.3639 0.2511 0.3584 0.3211 0.3881 0.0985 0.0512 0.4201 0.2417 0.0981 0.3508 0.2604 0.0702 0.1289 0.2462 0.1308 0.2707 0.0045 0.4439 0.2511 0.0613 0.2596 0.3950 0.3777 0.3496 0.4183 0.0569 0.2885 0.2422 0.3436 0.3114 0.0971 0.2320 0.4026 0.2840 0.4884 0.0422 0.1366 0.1427 0.4772 0.0983 0.1870 0.1881 0.3454 0.4462 0.1053 0.2053 0.0426 0.3912 0.2541 0.3805 0.1730 0.0429 0.2632 0.0380 0.2194 0.3448 0.4657 0.2994 0.3792 0.4476 0.1343 0.4907 0.1418 0.0212 0.0604 0.3373 0.2344
40
0.0233 0.3674 0.2531 0.3813 0.1712 0.0646 0.1289 0.0722 0.3689 0.2365 0.1477 0.3750 0.1014 0.3407 0.1139 0.1373 0.2853 0.2140 0.2343 0.1263 0.3858 0.2350 0.2596 0.1637 0.3173 0.0928 0.3197 0.0946 0.0609 0.0669 0.2231 0.2662 0.1294 0.3818 0.3727 0.3270 0.1891 0.0160 0.2839 0.1765 0.3005 0.3748 0.2509 0.2581 0.3196 0.3862 0.1958 0.3042 0.3719 0.2521 0.1614 0.1104 0.2575 0.3632 0.2624 0.2323 0.2888 0.0277 0.0191 0.2165 0.1598 0.3958 0.0905 0.2263 0.1172 0.2736 0.0120 0.2718 0.2914 0.3065 0.2465 0.3754 0.3553 0.2204 0.3047 0.2397 0.0188 0.3487 0.3519 0.2005
2
0.9999 1.0000 1.0000 0.9999
40
0.1050 0.3950 0.0500 0.3350 0.2450 0.0250 0.3550 0.0350 0.3000 0.0850 0.2850 0.2000 0.2950 0.3650 0.1300 0.0800 0.1100 0.0200 0.2300 0.1900 0.1850 0.0950 0.3300 0.3850 0.1950 0.3400 0.4000 0.3900 0.0150 0.0900 0.2400 0.3800 0.1400 0.1350 0.2800 0.1700 0.2150 0.3700 0.3500 0.2750 0.0400 0.0550 0.3100 0.1000 0.2100 0.0300 0.1250 0.0750 0.0600 0.1450 0.1600 1.0000 0.2700 0.2550 0.0650 0.1200 0.1750 0.0450 0.2050 0.3450 0.3600 0.0100 0.3150 0.2250 0.3250 0.3750 0.0700 0.1800 0.2900 0.2600 0.1500 0.1550 0.2500 0.2650 0.1650 0.3200 0.1150 0.3050 0.2200 0.2350
40
1.0000 0.0000 0.0000 1.0000 1.0000 0.0000 1.0000 0.0000 0.0000 1.0000 1.0000 0.0000 1.0000 1.0000 1.0000 0.0000 0.0000 0.0000 0.0000 1.0000 1.0000 1.0000 0.0000 0.0000 1.0000 0.0000 1.0000 0.0000 1.0000 0.0000 1.0000 0.0000 0.0000 1.0000 0.0000 0.0000 0.0000 0.0000 1.0000 0.0000 1.0000 1.0000 0.0000 1.0000 0.0000 1.0000 0.0000 1.0000 0.0000 1.0000 1.0000 1.0000 0.0000 1.0000 1.0000 1.0000 1.0000 0.0000 0.0000 0.0000 0.0000 0.0000 1.0000 1.0000 1.0000 1.0000 1.0000 1.0000 0.0000 1.0000 1.0000 1.0000 1.0000 0.0000 0.0000 0.0000 0.0000 0.0000 0.0000 1.0000
15
0.1942 0.4380 0.2574 0.2665 0.1834 0.4318 0.0694 0.1802 0.0231 0.2473 0.3751 0.2151 0.2122 0.4891 0.2820 0.0988 0.4098 0.2807 0.4919 0.4833 0.3997 0.2038 0.1589 0.1431 0.3369 0.3852 0.2848 0.0414 0.3187 0.2551
34
0.4202 0.1555 0.3493 0.4487 0.3818 0.0284 0.2180 0.3923 0.1135 0.2604 0.4181 0.2614 0.2140 0.3967 0.0768 0.3206 0.3979 0.4740 0.3999 0.0547 0.0801 0.1359 0.2971 0.1382 0.2862 0.2650 0.2163 0.1451 0.2509 0.0420 0.4384 0.1844 0.1387 0.0583 0.3841 0.4556 0.4915 0.2441 0.3786 0.1951 0.0744 0.4728 0.1983 0.4568 0.2421 0.2521 0.2852 0.4819 0.0287 0.2153 0.2369 0.1449 0.2332 0.1473 0.1670 0.3971 0.1030 0.3276 0.4319 0.3425 0.4622 0.0969 0.3464 0.4522 0.4071 0.1085 0.2797 0.0536
40
0.2518 0.2485 0.2469 0.2474 0.2529 0.2537 0.2524 0.2473 0.2525 0.2488 0.2534 0.2528 0.2470 0.2512 0.2484 0.2477 0.2495 0.2530 0.2502 0.2460 0.2471 0.2504 0.2536 0.2514 0.2501 0.2523 0.2519 0.2521 0.2466 0.2491 0.2496 0.2498 0.2506 0.2461 0.2526 0.2489 0.2490 0.2522 0.2507 0.2531 0.2503 0.2467 0.2486 0.2497 0.2494 0.2483 0.2535 0.2508 0.2499 1.0000 0.2475 0.2527 0.2492 0.2532 0.2505 0.2493 0.2462 0.2515 0.2463 0.2487 0.2516 0.2465 0.2478 0.2481 0.2510 0.2513 0.2476 0.2509 0.2480 0.2538 0.2468 0.2472 0.2479 0.2464 0.2533 0.2511 0.2517 0.2520 0.2482 0.2500
1
0.0000 0.0000
30
0.4999 0.5013 0.5024 0.4989 0.4997 0.4973 0.5020 0.5006 0.4981 0.4982 0.5009 0.5028 0.5012 0.4985 0.4971 0.4980 0.5019 0.5021 0.5016 0.4995 0.4991 0.5000 0.4987 0.5014 0.4977 0.5026 0.4975 0.4978 0.5027 0.5007 0.5018 0.4986 0.4992 0.4996 0.5022 0.4972 0.4990 0.5025 0.4998 0.4993 0.5017 0.5011 0.5029 0.4994 0.5008 0.4988 0.4983 0.5004 0.5010 0.4974 0.4979 0.5005 0.4984 0.4976 0.5023 0.5002 0.4970 0.5003 0.5001 0.5015
